-0.000587934
0.00663601
0.0154787
0.0283563
0.0444141
0.0670563
0.0998916
0.135977
0.183055
0.234531
0.296578
0.37899
0.471277
0.582562
0.706484
0.854337
1.03076
1.22875
1.45049
1.69939
1.97941
2.2915
2.63472
3.00649
3.41795
3.86365
4.35114
4.87265
5.43084
6.02555
6.65943
7.33444
8.04354
8.79278
9.57334
10.3966
11.2578
12.1473
13.067
14.0158
14.9953
16.0061
17.0399
18.0949
19.1661
20.2625
21.3803
22.5107
23.6525
24.8074
25.9765
27.1584
28.3482
29.5407
30.7409
31.9494
33.1657
34.3891
35.6113
36.8393
38.0725
39.3178
40.5592
41.8067
43.053
44.3062
45.5662
46.8277
48.0976
49.3694
50.6521
51.9444
53.2303
54.5243
55.8212
57.1267
58.4336
59.739
61.0457
62.3563
63.6692
64.9838
66.2975
67.6123
68.9248
70.2354
71.5493
72.85
74.1552
75.4564
76.7549
78.0473
79.3277
80.6044
81.8743
83.1426
84.4007
85.6474
86.892
88.1336
89.3754
90.6076
91.8336
93.0537
94.2732
95.4952
96.7126
97.9254
99.1358
100.349
101.567
102.782
103.996
105.208
106.429
107.652
108.884
110.115
111.346
112.588
113.838
115.094
116.35
117.609
118.869
120.143
121.419
122.693
123.967
125.24
126.524
127.811
129.093
130.373
131.655
132.942
134.225
135.506
136.785
138.061
139.337
140.607
141.874
143.129
144.379
145.634
146.881
148.119
149.353
150.579
151.803
153.026
154.242
155.458
156.674
157.888
159.104
160.313
161.524
162.733
163.946
165.156
166.373
167.584
168.801
170.024
171.255
172.486
173.717
174.955
176.201
177.444
178.693
179.94
181.198
182.458
183.722
184.981
186.234
187.493
188.755
190.016
191.276
192.532
193.786
195.041
196.29
197.54
198.783
200.027
201.269
202.5
203.721
204.942
206.163
207.383
208.589
209.796
211
212.191
213.389
214.579
215.772
216.959
218.154
219.345
220.535
221.717
222.903
224.093
225.284
226.482
227.675
228.874
230.077
231.282
232.495
233.705
234.919
236.137
237.368
238.604
239.834
241.07
242.31
243.556
244.804
246.046
247.284
248.527
249.778
251.025
252.267
253.511
254.756
255.998
257.235
258.466
259.692
260.923
262.152
263.37
264.579
265.78
266.975
268.168
269.36
270.543
271.714
272.884
274.05
275.218
276.38
277.537
278.689
279.842
280.991
282.148
283.297
284.444
285.601
286.753
287.912
289.067
290.225
291.386
292.56
293.733
294.914
296.094
297.285
298.484
299.679
300.875
302.076
303.286
304.496
305.705
306.918
308.13
309.351
310.563
311.769
312.986
314.192
315.407
316.613
317.817
319.014
320.218
321.415
322.609
323.788
324.967
326.138
327.307
328.474
329.63
330.785
331.936
333.086
334.229
335.369
336.506
337.643
338.787
339.929
341.064
342.2
343.339
344.479
345.623
346.765
347.91
349.062
350.217
351.378
352.541
353.707
354.877
356.056
357.241
358.429
359.616
360.808
362.002
363.201
364.392
365.589
366.785
367.99
369.191
370.39
371.589
372.788
373.988
375.184
376.379
377.564
378.751
379.939
381.114
382.289
383.459
384.619
385.781
386.937
388.087
389.227
390.376
391.516
392.65
393.78
394.912
396.043
397.173
398.305
399.432
400.561
401.686
402.815
403.95
405.084
406.22
407.357
408.502
409.646
410.794
411.948
413.105
414.268
415.436
416.604
417.769
418.937
420.111
421.286
422.464
423.639
424.811
425.988
427.162
428.329
429.493
430.661
431.824
432.989
434.147
435.304
436.452
437.602
438.746
439.878
441.009
442.131
443.256
444.37
445.48
446.586
447.691
448.79
449.888
450.988
452.077
453.17
454.263
455.356
456.444
457.534
458.626
459.719
460.813
461.913
463.01
464.112
465.22
466.332
467.443
468.555
469.68
470.81
471.945
473.074
474.212
475.348
476.495
477.636
478.778
479.923
481.064
482.206
483.35
484.491
485.629
486.768
487.91
489.049
490.182
491.305
492.422
493.539
494.656
495.762
496.861
497.956
499.04
500.122
501.198
502.265
503.33
504.394
505.453
506.508
507.561
508.608
509.66
510.707
511.751
512.794
513.836
514.883
515.93
516.978
518.023
519.081
520.14
521.208
522.273
523.345
524.414
525.495
526.578
527.664
528.751
529.841
530.938
532.038
533.135
534.232
535.334
536.432
537.533
538.626
539.719
540.809
541.904
542.992
544.078
545.158
546.229
547.303
548.37
549.43
550.478
551.524
552.565
553.599
554.625
555.649
556.666
557.685
558.697
559.702
560.707
561.711
562.715
563.722
564.727
565.728
566.734
567.743
568.75
569.759
570.77
571.791
572.815
573.842
574.869
575.906
576.946
577.993
579.046
580.096
581.149
582.206
583.265
584.329
585.384
586.441
587.492
588.557
589.616
590.669
591.722
592.771
593.823
594.863
595.898
596.926
597.954
598.972
599.993
600.997
602
602.995
603.983
604.967
605.941
606.912
607.872
608.831
609.789
610.744
611.686
612.632
613.574
614.522
615.463
616.398
617.33
618.269
619.208
620.151
621.09
622.029
622.978
623.926
624.88
625.832
626.793
627.759
628.723
629.696
630.671
631.644
632.621
633.599
634.578
635.561
636.543
637.528
638.514
639.495
640.483
641.465
642.447
643.426
644.398
645.371
646.346
647.32
648.284
649.242
650.194
651.138
652.08
653.015
653.951
654.876
655.798
656.717
657.64
658.549
659.46
660.365
661.274
662.178
663.078
663.975
664.875
665.779
666.685
667.586
668.485
669.391
670.302
671.215
672.127
673.04
673.961
674.889
675.818
676.749
677.677
678.608
679.55
680.481
681.413
682.342
683.273
684.2
685.131
686.057
686.981
687.895
688.814
689.727
690.632
691.534
692.431
693.323
694.206
695.082
695.948
696.81
697.668
698.522
699.368
700.213
701.048
701.879
702.71
703.541
704.369
705.195
706.028
706.859
707.688
708.517
709.351
710.19
711.034
711.87
712.715
713.565
714.419
715.278
716.147
717.014
717.89
718.768
719.651
720.539
721.425
722.314
723.208
724.099
724.988
725.878
726.766
727.659
728.546
729.429
730.309
731.183
732.06
732.93
733.8
734.666
735.521
736.373
737.222
738.058
738.892
739.715
740.538
741.356
742.164
742.968
743.766
744.558
745.352
746.141
746.928
747.712
748.493
749.276
750.052
750.829
751.607
752.386
753.171
753.955
754.735
755.516
756.303
757.097
757.897
758.694
759.496
760.31
761.127
761.94
762.76
763.58
764.404
765.237
766.062
766.887
767.716
768.546
769.381
770.209
771.034
771.857
772.687
773.51
774.33
775.144
775.952
776.762
777.56
778.359
779.147
779.927
780.708
781.479
782.242
783
783.755
784.505
785.255
786
786.735
787.472
788.212
788.945
789.676
790.404
791.132
791.867
792.601
793.33
794.057
794.785
795.525
796.265
797.009
797.755
798.504
799.257
800.018
800.772
801.529
802.294
803.068
803.838
804.602
805.364
806.136
806.907
807.676
808.442
809.209
809.975
810.742
811.51
812.271
813.029
813.786
814.539
815.287
816.023
816.759
817.487
818.218
818.936
819.652
820.361
821.063
821.769
822.468
823.164
823.853
824.541
825.233
825.92
826.604
827.29
827.974
828.656
829.346
830.032
830.721
831.412
832.107
832.803
833.509
834.21
834.917
835.634
836.346
837.07
837.79
838.516
839.246
839.973
840.698
841.42
842.147
842.874
843.599
844.32
845.038
845.758
846.474
847.182
847.889
848.594
849.289
849.982
850.668
851.345
852.014
852.676
853.339
853.996
854.641
855.275
855.912
856.544
857.174
857.798
858.42
859.038
859.66
860.277
860.891
861.5
862.118
862.738
863.351
863.966
864.586
865.204
865.831
866.46
867.091
867.73
868.367
869.007
869.658
870.309
870.964
871.612
872.27
872.933
873.592
874.245
874.901
875.561
876.219
876.876
877.52
878.169
878.822
879.469
880.107
880.74
881.367
881.997
882.619
883.23
883.836
884.437
885.028
885.618
886.196
886.772
887.335
887.906
888.465
889.019
889.573
890.124
890.677
891.224
891.769
892.315
892.868
893.42
893.97
894.521
895.075
895.633
896.196
896.758
897.327
897.897
898.474
899.047
899.632
900.222
900.812
901.397
901.987
902.58
903.175
903.763
904.343
904.927
905.516
906.094
906.674
907.243
907.818
908.386
908.938
909.485
910.031
910.578
911.114
911.644
912.16
912.674
913.178
913.676
914.162
914.648
915.132
915.62
916.094
916.566
917.033
917.501
917.972
918.444
918.909
919.376
919.842
920.316
920.785
921.261
921.737
922.214
922.697
923.188
923.685
924.177
924.674
925.182
925.685
926.194
926.7
927.21
927.723
928.236
928.749
929.253
929.758
930.265
930.774
931.271
931.763
932.251
932.74
933.225
933.702
934.166
934.634
935.096
935.554
935.998
936.432
936.857
937.286
937.701
938.108
938.517
938.919
939.321
939.713
940.106
940.49
940.877
941.266
941.651
942.031
942.415
942.801
943.195
943.579
943.971
944.362
944.76
945.159
945.566
945.974
946.383
946.798
947.216
947.635
948.064
948.486
948.912
949.343
949.775
950.199
950.62
951.044
951.47
951.885
952.304
952.718
953.127
953.534
953.936
954.331
954.721
955.102
955.484
955.856
956.22
956.572
956.917
957.261
957.598
957.929
958.248
958.566
958.878
959.191
959.495
959.797
960.1
960.403
960.7
961.001
961.303
961.599
961.902
962.207
962.513
962.816
963.124
963.437
963.757
964.086
964.415
964.747
965.084
965.424
965.772
966.117
966.464
966.818
967.172
967.521
967.868
968.219
968.572
968.925
969.269
969.61
969.948
970.286
970.62
970.947
971.269
971.578
971.886
972.188
972.481
972.762
973.033
973.303
973.565
973.82
974.067
974.307
974.549
974.777
975.002
975.222
975.44
975.661
975.881
976.097
976.305
976.518
976.737
976.957
977.173
977.391
977.613
977.844
978.08
978.318
978.56
978.805
979.062
979.32
979.578
979.836
980.108
980.379
980.656
980.928
981.198
981.472
981.753
982.032
982.308
982.578
982.846
983.122
983.392
983.658
983.918
984.177
984.429
984.678
984.914
985.143
985.365
985.584
985.799
986
986.195
986.38
986.569
986.75
986.921
987.086
987.253
987.418
987.574
987.729
987.877
988.025
988.171
988.318
988.468
988.613
988.758
988.915
989.072
989.228
989.387
989.558
989.733
989.906
990.081
990.265
990.451
990.643
990.834
991.026
991.221
991.413
991.615
991.814
992.014
992.209
992.407
992.6
992.798
992.984
993.167
993.348
993.53
993.704
993.868
994.024
994.173
994.318
994.455
994.58
994.703
994.825
994.938
995.049
995.146
995.243
995.34
995.433
995.526
995.61
995.694
995.778
995.866
995.952
996.039
996.125
996.217
996.307
996.406
996.509
996.61
996.717
996.83
996.948
997.067
997.186
997.31
997.441
997.569
997.7
997.825
997.954
998.081
998.213
998.343
998.468
998.589
998.709
998.835
998.951
999.056
999.162
999.266
999.358
999.445
999.526
999.601
999.677
999.74
999.794
999.839
999.881
999.924
999.956
999.982
1000.01
1000.03
1000.05
1000.07
1000.09
1000.11
1000.12
1000.13
1000.15
1000.16
1000.18
1000.2
1000.23
1000.26
1000.3
1000.33
1000.37
1000.42
1000.47
1000.53
1000.58
1000.64
1000.7
1000.77
1000.83
1000.89
1000.95
1001.01
1001.07
1001.13
1001.19
1001.24
1001.29
1001.33
1001.37
1001.4
1001.43
1001.45
1001.46
1001.46
1001.45
1001.44
1001.42
1001.39
1001.34
1001.29
1001.25
1001.19
1001.13
1001.06
1000.98
1000.9
1000.83
1000.74
1000.66
1000.58
1000.49
1000.41
1000.32
1000.24
1000.15
1000.07
999.998
999.927
999.858
999.79
999.731
999.673
999.625
999.583
999.532
999.484
999.445
999.408
999.365
999.324
999.287
999.256
999.218
999.175
999.134
999.091
999.047
999.006
998.953
998.897
998.843
998.781
998.712
998.639
998.556
998.469
998.376
998.277
998.169
998.059
997.939
997.818
997.693
997.565
997.43
997.291
997.155
997.018
996.88
996.736
996.586
996.44
996.296
996.155
996.012
995.867
995.736
995.599
995.466
995.335
995.208
995.087
994.965
994.851
994.729
994.613
994.5
994.386
994.265
994.141
994.019
993.897
993.775
993.643
993.502
993.363
993.226
993.079
992.923
992.764
992.594
992.424
992.24
992.051
991.859
991.65
991.437
991.227
991.004
990.771
990.534
990.296
990.054
989.812
989.559
989.308
989.06
988.812
988.561
988.304
988.05
987.806
987.561
987.316
987.071
986.831
986.6
986.37
986.14
985.92
985.703
985.497
985.291
985.088
984.878
984.679
984.482
984.283
984.09
983.888
983.68
983.478
983.279
983.069
982.857
982.644
982.428
982.201
981.969
981.737
981.492
981.243
980.985
980.716
980.437
980.153
979.86
979.562
979.254
978.938
978.619
978.291
977.96
977.621
977.277
976.933
976.593
976.251
975.901
975.55
975.206
974.863
974.528
974.187
973.844
973.507
973.174
972.85
972.527
972.207
971.896
971.589
971.286
970.989
970.69
970.389
970.1
969.811
969.516
969.224
968.929
968.636
968.336
968.039
967.738
967.437
967.134
966.828
966.515
966.191
965.864
965.545
965.211
964.869
964.518
964.162
963.804
963.444
963.074
962.695
962.307
961.926
961.542
961.156
960.759
960.361
959.963
959.566
959.165
958.765
958.365
957.96
957.569
957.168
956.773
956.378
955.985
955.598
955.212
954.828
954.45
954.076
953.701
953.323
952.951
952.58
952.216
951.85
951.48
951.104
950.728
950.357
949.982
949.607
949.218
948.834
948.458
948.065
947.669
947.267
946.864
946.452
946.04
945.624
945.197
944.76
944.324
943.883
943.437
942.982
942.527
942.075
941.611
941.15
940.684
940.225
939.76
939.298
938.832
938.365
937.903
937.446
936.99
936.527
936.064
935.608
935.163
934.72
934.276
933.836
933.397
932.962
932.533
932.1
931.669
931.241
930.815
930.391
929.961
929.53
929.095
928.658
928.222
927.784
927.339
926.893
926.449
925.994
925.536
925.069
924.604
924.135
923.658
923.173
922.674
922.178
921.678
921.166
920.648
920.127
919.601
919.071
918.542
918.007
917.465
916.926
916.391
915.852
915.307
914.762
914.221
913.679
913.142
912.603
912.067
911.532
911.006
910.483
909.958
909.438
908.925
908.418
907.914
907.408
906.906
906.407
905.914
905.418
904.917
904.42
903.918
903.421
902.927
902.423
901.915
901.407
900.893
900.38
899.861
899.337
898.805
898.276
897.742
897.191
896.634
896.071
895.497
894.918
894.339
893.749
893.153
892.558
891.96
891.358
890.752
890.142
889.534
888.921
888.309
887.698
887.086
886.475
885.869
885.261
884.65
884.051
883.455
882.866
882.272
881.688
881.107
880.532
879.964
879.396
878.829
878.263
877.705
877.149
876.59
876.029
875.471
874.912
874.359
873.795
873.232
872.665
872.101
871.532
870.959
870.383
869.801
869.219
868.624
868.025
867.421
866.811
866.199
865.581
864.952
864.314
863.671
863.032
862.384
861.733
861.08
860.431
859.775
859.125
858.472
857.806
857.146
856.492
855.833
855.178
854.515
853.861
853.216
852.574
851.932
851.291
850.654
850.023
849.399
848.769
848.145
847.526
846.904
846.284
845.661
845.039
844.418
843.799
843.173
842.547
841.914
841.283
840.653
840.019
839.367
838.72
838.068
837.409
836.743
836.065
835.387
834.698
834.009
833.312
832.604
831.894
831.173
830.449
829.723
828.996
828.258
827.519
826.785
826.043
825.301
824.556
823.813
823.077
822.335
821.595
820.855
820.117
819.382
818.657
817.932
817.208
816.492
815.782
815.081
814.378
813.677
812.979
812.286
811.591
810.894
810.198
809.502
808.808
808.114
807.418
806.723
806.024
805.323
804.621
803.913
803.197
802.48
801.756
801.023
800.284
799.537
798.778
798.014
797.244
796.463
795.681
794.886
794.09
793.289
792.483
791.668
790.851
790.035
789.218
788.39
787.567
786.737
785.916
785.094
784.267
783.446
782.623
781.811
780.997
780.191
779.388
778.592
777.806
777.018
776.238
775.461
774.682
773.912
773.146
772.378
771.606
770.84
770.085
769.326
768.555
767.788
767.017
766.256
765.484
764.711
763.932
763.149
762.362
761.574
760.774
759.966
759.149
758.332
757.509
756.681
755.845
755.001
754.158
753.307
752.454
751.6
750.738
749.882
749.029
748.167
747.304
746.442
745.589
744.738
743.885
743.029
742.181
741.34
740.5
739.656
738.826
737.991
737.17
736.351
735.534
734.716
733.893
733.081
732.269
731.453
730.63
729.81
728.992
728.167
727.337
726.498
725.659
724.822
723.978
723.122
722.261
721.397
720.524
719.64
718.743
717.843
716.937
716.025
715.1
714.169
713.227
712.284
711.335
710.387
709.433
708.47
707.508
706.549
705.586
704.625
703.653
702.682
701.724
700.765
699.807
698.849
697.903
696.96
696.026
695.091
694.165
693.25
692.337
691.427
690.521
689.621
688.73
687.835
686.952
686.069
685.189
684.303
683.426
682.545
681.666
680.781
679.896
679.016
678.127
677.234
676.336
675.438
674.528
673.612
672.688
671.757
670.821
669.878
668.925
667.964
666.996
666.025
665.052
664.073
663.089
662.102
661.112
660.121
659.132
658.135
657.143
656.152
655.162
654.182
653.201
652.215
651.238
650.269
649.31
648.355
647.398
646.45
645.514
644.579
643.646
642.717
641.794
640.868
639.948
639.027
638.104
637.182
636.253
635.332
634.403
633.47
632.535
631.596
630.659
629.71
628.755
627.796
626.834
625.864
624.884
623.891
622.895
621.901
620.896
619.888
618.869
617.85
616.826
615.803
614.777
613.747
612.718
611.69
610.664
609.64
608.611
607.589
606.57
605.547
604.533
603.517
602.51
601.51
600.511
599.511
598.525
597.54
596.563
595.59
594.613
593.637
592.673
591.713
590.752
589.786
588.818
587.853
586.891
585.923
584.957
583.983
583.01
582.037
581.062
580.076
579.085
578.09
577.09
576.09
575.077
574.058
573.033
572.005
570.97
569.925
568.871
567.818
566.761
565.703
564.638
563.571
562.496
561.432
560.36
559.29
558.216
557.148
556.078
555.019
553.959
552.895
551.843
550.793
549.75
548.707
547.664
546.637
545.616
544.599
543.582
542.567
541.555
540.545
539.54
538.536
537.531
536.523
535.514
534.509
533.5
532.486
531.472
530.453
529.43
528.407
527.373
526.335
525.29
524.245
523.191
522.123
521.053
519.977
518.894
517.799
516.7
515.6
514.499
513.393
512.283
511.167
510.049
508.932
507.814
506.697
505.576
504.462
503.346
502.232
501.123
500.012
498.908
497.817
496.723
495.638
494.555
493.483
492.416
491.357
490.296
489.243
488.198
487.15
486.111
485.071
484.034
483.004
481.972
480.94
479.905
478.871
477.836
476.802
475.768
474.73
473.679
472.631
471.58
470.524
469.459
468.384
467.305
466.226
465.141
464.049
462.942
461.835
460.732
459.629
458.51
457.39
456.274
455.154
454.032
452.909
451.786
450.668
449.545
448.426
447.308
446.19
445.075
443.97
442.863
441.76
440.655
439.561
438.469
437.378
436.289
435.199
434.114
433.031
431.948
430.864
429.774
428.683
427.595
426.506
425.411
424.313
423.215
422.112
421.015
419.911
418.795
417.675
416.557
415.432
414.297
413.158
412.017
410.869
409.719
408.558
407.389
406.223
405.052
403.88
402.702
401.523
400.343
399.165
397.983
396.799
395.617
394.437
393.257
392.077
390.891
389.716
388.54
387.365
386.201
385.041
383.878
382.722
381.573
380.429
379.286
378.14
377
375.864
374.732
373.592
372.455
371.321
370.184
369.05
367.911
366.767
365.623
364.481
363.34
362.188
361.031
359.876
358.72
357.551
356.374
355.193
354.007
352.821
351.628
350.421
349.21
348.002
346.799
345.584
344.368
343.149
341.927
340.704
339.485
338.26
337.039
335.814
334.593
333.378
332.155
330.937
329.715
328.509
327.304
326.099
324.895
323.693
322.498
321.308
320.113
318.921
317.728
316.541
315.355
314.163
312.97
311.779
310.593
309.403
308.215
307.017
305.821
304.624
303.432
302.226
301.025
299.819
298.613
297.405
296.188
294.967
293.746
292.523
291.296
290.061
288.821
287.587
286.349
285.106
283.871
282.627
281.387
280.146
278.901
277.66
276.417
275.179
273.946
272.706
271.471
270.231
268.994
267.765
266.541
265.32
264.095
262.874
261.661
260.454
259.238
258.032
256.827
255.629
254.422
253.214
252.006
250.795
249.587
248.374
247.164
245.95
244.739
243.53
242.311
241.095
239.87
238.644
237.422
236.19
234.951
233.704
232.457
231.215
229.965
228.702
227.444
226.18
224.916
223.647
222.377
221.105
219.832
218.559
217.288
216.015
214.744
213.477
212.203
210.935
209.669
208.398
207.135
205.878
204.624
203.375
202.125
200.883
199.642
198.403
197.171
195.938
194.71
193.488
192.268
191.047
189.817
188.599
187.382
186.163
184.939
183.716
182.493
181.269
180.042
178.815
177.585
176.343
175.106
173.861
172.62
171.361
170.102
168.837
167.567
166.294
165.015
163.734
162.454
161.164
159.877
158.588
157.297
156.012
154.719
153.434
152.144
150.856
149.573
148.296
147.02
145.749
144.479
143.223
141.973
140.722
139.474
138.236
137.004
135.782
134.56
133.341
132.122
130.914
129.704
128.499
127.292
126.083
124.879
123.672
122.465
121.256
120.042
118.832
117.623
116.403
115.175
113.948
112.715
111.479
110.235
108.986
107.734
106.476
105.211
103.939
102.661
101.377
100.099
98.8197
97.5321
96.2361
94.9483
93.6665
92.3789
91.0915
89.8074
88.5177
87.2379
85.9569
84.6838
83.4053
82.1367
80.875
79.6209
78.3706
77.1189
75.8786
74.6462
73.4253
72.2028
70.9791
69.7586
68.5454
67.3352
66.1232
64.9107
63.7005
62.4886
61.2819
60.0687
58.8573
57.6433
56.4369
55.2198
54.0012
52.7726
51.5369
50.3112
49.0745
47.8307
46.5803
45.324
44.0662
42.8047
41.534
40.2595
38.9796
37.7045
36.4281
35.1425
33.8574
32.5745
31.2866
30.005
28.7249
27.4389
26.1541
24.8776
23.6028
22.3258
21.0552
19.792
18.5312
17.2726
16.0246
14.7729
13.529
12.2936
11.0632
9.83548
8.60483
7.38586
6.16735
4.9512
3.73604
2.51559
1.29965
0.0895229
-1.12322
-2.34415
-3.56488
-4.78676
-6.00356
-7.22207
-8.45087
-9.68014
-10.9102
-12.1424
-13.3742
-14.6189
-15.8682
-17.1236
-18.3808
-19.6417
-20.9048
-22.181
-23.4544
-24.7198
-26.0004
-27.2823
-28.5609
-29.8456
-31.1247
-32.4011
-33.6829
-34.962
-36.2422
-37.51
-38.7848
-40.0576
-41.329
-42.5956
-43.8577
-45.1117
-46.3683
-47.6224
-48.865
-50.1008
-51.3381
-52.5701
-53.7999
-55.0287
-56.2506
-57.4719
-58.6956
-59.9224
-61.1425
-62.366
-63.5851
-64.8058
-66.0298
-67.2508
-68.475
-69.6987
-70.9234
-72.1588
-73.3881
-74.62
-75.8615
-77.1105
-78.3595
-79.6161
-80.8681
-82.1312
-83.4005
-84.6716
-85.9463
-87.2211
-88.4963
-89.7832
-91.0646
-92.3461
-93.6301
-94.9111
-96.1981
-97.4848
-98.7661
-100.045
-101.328
-102.605
-103.875
-105.146
-106.404
-107.663
-108.916
-110.167
-111.412
-112.648
-113.885
-115.11
-116.337
-117.555
-118.771
-119.986
-121.203
-122.42
-123.633
-124.843
-126.053
-127.264
-128.479
-129.7
-130.914
-132.135
-133.361
-134.59
-135.827
-137.065
-138.302
-139.547
-140.803
-142.068
-143.331
-144.6
-145.874
-147.157
-148.437
-149.722
-151.009
-152.299
-153.592
-154.885
-156.179
-157.472
-158.761
-160.052
-161.337
-162.616
-163.895
-165.174
-166.451
-167.722
-168.987
-170.244
-171.498
-172.744
-173.992
-175.228
-176.456
-177.685
-178.912
-180.131
-181.345
-182.56
-183.776
-184.995
-186.209
-187.42
-188.63
-189.845
-191.061
-192.279
-193.496
-194.714
-195.938
-197.163
-198.392
-199.623
-200.864
-202.107
-203.36
-204.613
-205.867
-207.13
-208.398
-209.673
-210.949
-212.223
-213.502
-214.784
-216.069
-217.351
-218.625
-219.905
-221.183
-222.467
-223.744
-225.02
-226.288
-227.558
-228.821
-230.076
-231.33
-232.571
-233.81
-235.044
-236.273
-237.495
-238.715
-239.929
-241.144
-242.346
-243.548
-244.745
-245.941
-247.142
-248.346
-249.536
-250.728
-251.928
-253.124
-254.32
-255.522
-256.725
-257.931
-259.142
-260.354
-261.573
-262.792
-264.014
-265.243
-266.483
-267.721
-268.963
-270.213
-271.464
-272.72
-273.974
-275.23
-276.487
-277.748
-279.005
-280.261
-281.517
-282.772
-284.027
-285.278
-286.525
-287.766
-289.004
-290.239
-291.472
-292.7
-293.918
-295.131
-296.347
-297.552
-298.751
-299.943
-301.136
-302.328
-303.519
-304.698
-305.876
-307.062
-308.245
-309.43
-310.609
-311.792
-312.975
-314.16
-315.348
-316.536
-317.723
-318.91
-320.104
-321.299
-322.493
-323.695
-324.9
-326.111
-327.325
-328.543
-329.759
-330.978
-332.201
-333.427
-334.647
-335.863
-337.087
-338.317
-339.544
-340.762
-341.98
-343.197
-344.412
-345.628
-346.834
-348.042
-349.246
-350.447
-351.649
-352.842
-354.025
-355.203
-356.381
-357.556
-358.721
-359.88
-361.038
-362.193
-363.349
-364.497
-365.64
-366.789
-367.934
-369.076
-370.211
-371.348
-372.489
-373.63
-374.765
-375.9
-377.041
-378.183
-379.32
-380.469
-381.613
-382.764
-383.913
-385.075
-386.235
-387.389
-388.551
-389.721
-390.901
-392.076
-393.248
-394.423
-395.603
-396.783
-397.958
-399.132
-400.305
-401.479
-402.654
-403.825
-404.988
-406.148
-407.308
-408.47
-409.619
-410.76
-411.897
-413.033
-414.167
-415.293
-416.406
-417.513
-418.618
-419.722
-420.823
-421.911
-423.001
-424.096
-425.193
-426.281
-427.363
-428.45
-429.541
-430.631
-431.721
-432.807
-433.894
-434.993
-436.089
-437.191
-438.288
-439.393
-440.504
-441.627
-442.751
-443.874
-444.999
-446.13
-447.268
-448.408
-449.539
-450.676
-451.816
-452.961
-454.097
-455.232
-456.371
-457.508
-458.639
-459.766
-460.892
-462.013
-463.134
-464.245
-465.355
-466.457
-467.553
-468.644
-469.729
-470.812
-471.883
-472.95
-474.017
-475.08
-476.133
-477.185
-478.232
-479.279
-480.327
-481.373
-482.417
-483.458
-484.505
-485.551
-486.595
-487.641
-488.686
-489.735
-490.786
-491.837
-492.895
-493.958
-495.022
-496.094
-497.169
-498.248
-499.327
-500.416
-501.503
-502.6
-503.692
-504.787
-505.886
-506.989
-508.085
-509.175
-510.268
-511.365
-512.465
-513.557
-514.647
-515.73
-516.816
-517.89
-518.964
-520.029
-521.09
-522.146
-523.194
-524.242
-525.28
-526.31
-527.341
-528.365
-529.386
-530.398
-531.407
-532.417
-533.424
-534.435
-535.434
-536.438
-537.443
-538.447
-539.455
-540.463
-541.469
-542.479
-543.497
-544.516
-545.531
-546.554
-547.587
-548.625
-549.665
-550.711
-551.756
-552.815
-553.876
-554.937
-556.001
-557.064
-558.129
-559.198
-560.272
-561.337
-562.404
-563.475
-564.544
-565.606
-566.661
-567.72
-568.774
-569.827
-570.866
-571.898
-572.927
-573.958
-574.978
-575.987
-576.988
-577.981
-578.976
-579.965
-580.946
-581.923
-582.896
-583.87
-584.844
-585.819
-586.777
-587.739
-588.702
-589.667
-590.629
-591.592
-592.558
-593.526
-594.498
-595.479
-596.454
-597.435
-598.424
-599.416
-600.419
-601.419
-602.428
-603.446
-604.471
-605.494
-606.513
-607.539
-608.566
-609.598
-610.632
-611.664
-612.693
-613.725
-614.754
-615.778
-616.806
-617.826
-618.843
-619.858
-620.863
-621.854
-622.848
-623.833
-624.811
-625.778
-626.74
-627.698
-628.64
-629.586
-630.52
-631.453
-632.377
-633.302
-634.22
-635.135
-636.049
-636.959
-637.871
-638.788
-639.698
-640.617
-641.532
-642.45
-643.375
-644.298
-645.225
-646.164
-647.113
-648.064
-649.023
-649.986
-650.954
-651.93
-652.916
-653.908
-654.895
-655.889
-656.888
-657.893
-658.897
-659.897
-660.901
-661.903
-662.904
-663.902
-664.896
-665.891
-666.884
-667.871
-668.853
-669.824
-670.787
-671.746
-672.699
-673.645
-674.581
-675.506
-676.427
-677.345
-678.255
-679.162
-680.062
-680.96
-681.855
-682.749
-683.636
-684.518
-685.399
-686.289
-687.167
-688.045
-688.924
-689.808
-690.692
-691.578
-692.46
-693.347
-694.243
-695.146
-696.045
-696.953
-697.857
-698.768
-699.688
-700.606
-701.527
-702.445
-703.368
-704.291
-705.222
-706.146
-707.069
-707.995
-708.927
-709.855
-710.772
-711.696
-712.614
-713.536
-714.452
-715.362
-716.269
-717.166
-718.07
-718.967
-719.854
-720.738
-721.621
-722.501
-723.376
-724.245
-725.111
-725.978
-726.851
-727.715
-728.571
-729.43
-730.294
-731.153
-732.014
-732.87
-733.725
-734.584
-735.44
-736.296
-737.154
-738.016
-738.882
-739.748
-740.612
-741.478
-742.345
-743.218
-744.088
-744.957
-745.825
-746.688
-747.556
-748.421
-749.28
-750.131
-750.98
-751.831
-752.683
-753.524
-754.357
-755.182
-756.009
-756.835
-757.654
-758.46
-759.262
-760.062
-760.855
-761.637
-762.414
-763.188
-763.956
-764.73
-765.495
-766.253
-767.011
-767.771
-768.537
-769.295
-770.054
-770.818
-771.577
-772.341
-773.103
-773.869
-774.639
-775.412
-776.189
-776.964
-777.746
-778.533
-779.325
-780.118
-780.923
-781.725
-782.531
-783.342
-784.161
-784.981
-785.798
-786.614
-787.434
-788.249
-789.071
-789.879
-790.69
-791.501
-792.306
-793.11
-793.913
-794.708
-795.503
-796.29
-797.071
-797.843
-798.61
-799.372
-800.129
-800.874
-801.612
-802.343
-803.072
-803.805
-804.526
-805.242
-805.957
-806.668
-807.383
-808.093
-808.8
-809.503
-810.208
-810.916
-811.618
-812.327
-813.032
-813.743
-814.457
-815.172
-815.884
-816.601
-817.322
-818.055
-818.782
-819.519
-820.254
-820.993
-821.737
-822.481
-823.223
-823.966
-824.711
-825.459
-826.203
-826.942
-827.68
-828.419
-829.155
-829.886
-830.61
-831.338
-832.055
-832.768
-833.48
-834.171
-834.868
-835.556
-836.236
-836.904
-837.567
-838.215
-838.863
-839.509
-840.148
-840.777
-841.403
-842.03
-842.65
-843.266
-843.883
-844.5
-845.117
-845.737
-846.346
-846.957
-847.569
-848.181
-848.803
-849.432
-850.058
-850.689
-851.329
-851.975
-852.628
-853.286
-853.943
-854.61
-855.283
-855.955
-856.628
-857.309
-857.989
-858.671
-859.351
-860.029
-860.701
-861.379
-862.06
-862.734
-863.398
-864.06
-864.719
-865.373
-866.015
-866.652
-867.279
-867.902
-868.519
-869.127
-869.722
-870.311
-870.886
-871.469
-872.037
-872.602
-873.167
-873.724
-874.28
-874.833
-875.382
-875.931
-876.477
-877.027
-877.574
-878.115
-878.658
-879.207
-879.754
-880.312
-880.863
-881.418
-881.984
-882.553
-883.127
-883.704
-884.285
-884.872
-885.464
-886.056
-886.639
-887.232
-887.827
-888.431
-889.032
-889.628
-890.218
-890.811
-891.409
-892.001
-892.59
-893.177
-893.756
-894.337
-894.91
-895.478
-896.038
-896.598
-897.149
-897.684
-898.213
-898.741
-899.264
-899.783
-900.3
-900.805
-901.31
-901.814
-902.313
-902.809
-903.298
-903.793
-904.286
-904.782
-905.273
-905.765
-906.254
-906.751
-907.25
-907.752
-908.255
-908.763
-909.276
-909.797
-910.32
-910.843
-911.379
-911.918
-912.462
-913.014
-913.559
-914.115
-914.67
-915.223
-915.778
-916.328
-916.879
-917.43
-917.984
-918.532
-919.079
-919.619
-920.154
-920.692
-921.21
-921.723
-922.235
-922.74
-923.241
-923.727
-924.203
-924.675
-925.136
-925.595
-926.043
-926.49
-926.926
-927.368
-927.805
-928.23
-928.657
-929.081
-929.505
-929.926
-930.343
-930.76
-931.18
-931.6
-932.022
-932.449
-932.871
-933.304
-933.735
-934.174
-934.619
-935.065
-935.512
-935.968
-936.427
-936.892
-937.353
-937.821
-938.287
-938.758
-939.226
-939.691
-940.161
-940.623
-941.09
-941.557
-942.018
-942.474
-942.929
-943.385
-943.833
-944.271
-944.704
-945.136
-945.563
-945.979
-946.396
-946.798
-947.203
-947.605
-947.994
-948.389
-948.779
-949.162
-949.547
-949.93
-950.31
-950.688
-951.065
-951.442
-951.826
-952.208
-952.582
-952.967
-953.349
-953.734
-954.124
-954.51
-954.905
-955.302
-955.703
-956.105
-956.511
-956.924
-957.335
-957.749
-958.158
-958.574
-958.986
-959.402
-959.816
-960.223
-960.626
-961.035
-961.439
-961.839
-962.23
-962.618
-962.997
-963.383
-963.755
-964.125
-964.488
-964.842
-965.195
-965.539
-965.868
-966.19
-966.517
-966.834
-967.143
-967.45
-967.758
-968.066
-968.367
-968.668
-968.961
-969.251
-969.55
-969.84
-970.133
-970.424
-970.715
-971.005
-971.299
-971.602
-971.895
-972.195
-972.498
-972.81
-973.125
-973.435
-973.745
-974.062
-974.386
-974.706
-975.025
-975.344
-975.667
-975.993
-976.312
-976.631
-976.949
-977.262
-977.575
-977.884
-978.188
-978.493
-978.792
-979.091
-979.382
-979.665
-979.947
-980.222
-980.489
-980.756
-981.009
-981.263
-981.513
-981.763
-982.001
-982.236
-982.472
-982.706
-982.943
-983.177
-983.406
-983.636
-983.867
-984.094
-984.324
-984.552
-984.783
-985.012
-985.245
-985.479
-985.713
-985.954
-986.198
-986.438
-986.691
-986.94
-987.195
-987.449
-987.708
-987.972
-988.222
-988.478
-988.73
-988.989
-989.242
-989.489
-989.73
-989.974
-990.218
-990.451
-990.68
-990.902
-991.121
-991.335
-991.539
-991.736
-991.922
-992.102
-992.279
-992.444
-992.604
-992.758
-992.903
-993.042
-993.174
-993.304
-993.43
-993.551
-993.675
-993.799
-993.912
-994.033
-994.145
-994.264
-994.379
-994.501
-994.621
-994.739
-994.863
-994.986
-995.107
-995.236
-995.371
-995.513
-995.657
-995.799
-995.947
-996.097
-996.248
-996.398
-996.553
-996.702
-996.856
-997.011
-997.165
-997.312
-997.455
-997.599
-997.742
-997.879
-998.005
-998.134
-998.257
-998.378
-998.494
-998.598
-998.697
-998.794
-998.886
-998.968
-999.039
-999.108
-999.174
-999.236
-999.291
-999.341
-999.387
-999.432
-999.481
-999.52
-999.556
-999.593
-999.629
-999.666
-999.704
-999.737
-999.767
-999.799
-999.836
-999.875
-999.913
-999.955
-999.995
-1000.05
-1000.1
-1000.16
-1000.21
-1000.27
-1000.34
-1000.41
-1000.48
-1000.54
-1000.61
-1000.68
-1000.75
-1000.82
-1000.88
-1000.94
-1001.01
-1001.07
-1001.13
-1001.18
-1001.23
-1001.27
-1001.31
-1001.34
-1001.36
-1001.39
-1001.4
-1001.4
-1001.4
-1001.39
-1001.38
-1001.37
-1001.35
-1001.31
-1001.27
-1001.24
-1001.2
-1001.15
-1001.1
-1001.05
-1001
-1000.95
-1000.89
-1000.84
-1000.78
-1000.72
-1000.67
-1000.61
-1000.56
-1000.52
-1000.47
-1000.42
-1000.38
-1000.33
-1000.29
-1000.26
-1000.23
-1000.21
-1000.18
-1000.14
-1000.11
-1000.09
-1000.07
-1000.03
-999.996
-999.97
-999.939
-999.9
-999.856
-999.817
-999.772
-999.724
-999.67
-999.607
-999.538
-999.469
-999.392
-999.308
-999.22
-999.124
-999.025
-998.923
-998.815
-998.703
-998.588
-998.474
-998.36
-998.245
-998.122
-997.998
-997.879
-997.76
-997.638
-997.511
-997.389
-997.272
-997.159
-997.045
-996.936
-996.826
-996.722
-996.621
-996.53
-996.434
-996.343
-996.258
-996.174
-996.095
-996.013
-995.929
-995.848
-995.77
-995.69
-995.599
-995.513
-995.431
-995.34
-995.247
-995.145
-995.038
-994.937
-994.827
-994.704
-994.58
-994.445
-994.307
-994.159
-994.001
-993.84
-993.668
-993.491
-993.312
-993.123
-992.93
-992.728
-992.526
-992.325
-992.12
-991.911
-991.694
-991.487
-991.274
-991.064
-990.853
-990.638
-990.424
-990.221
-990.015
-989.81
-989.612
-989.422
-989.236
-989.054
-988.877
-988.705
-988.537
-988.373
-988.213
-988.059
-987.901
-987.744
-987.595
-987.445
-987.291
-987.138
-986.981
-986.831
-986.681
-986.521
-986.359
-986.193
-986.025
-985.85
-985.669
-985.484
-985.291
-985.091
-984.886
-984.675
-984.453
-984.232
-984.002
-983.766
-983.525
-983.274
-983.027
-982.776
-982.518
-982.265
-982.005
-981.744
-981.478
-981.213
-980.939
-980.669
-980.402
-980.138
-979.871
-979.603
-979.34
-979.086
-978.827
-978.574
-978.321
-978.069
-977.822
-977.585
-977.337
-977.093
-976.852
-976.612
-976.373
-976.135
-975.891
-975.642
-975.397
-975.155
-974.91
-974.654
-974.391
-974.131
-973.867
-973.596
-973.32
-973.033
-972.741
-972.451
-972.144
-971.827
-971.509
-971.18
-970.854
-970.519
-970.178
-969.834
-969.491
-969.144
-968.793
-968.44
-968.078
-967.727
-967.373
-967.02
-966.668
-966.313
-965.971
-965.624
-965.279
-964.938
-964.599
-964.268
-963.945
-963.628
-963.313
-963.004
-962.698
-962.398
-962.105
-961.812
-961.518
-961.227
-960.935
-960.649
-960.355
-960.061
-959.769
-959.475
-959.179
-958.878
-958.573
-958.266
-957.958
-957.642
-957.316
-956.984
-956.645
-956.299
-955.951
-955.585
-955.221
-954.846
-954.466
-954.083
-953.693
-953.293
-952.894
-952.493
-952.089
-951.681
-951.268
-950.854
-950.444
-950.026
-949.604
-949.182
-948.764
-948.345
-947.93
-947.517
-947.101
-946.693
-946.286
-945.89
-945.489
-945.084
-944.69
-944.298
-943.912
-943.526
-943.14
-942.752
-942.363
-941.974
-941.585
-941.196
-940.805
-940.415
-940.023
-939.62
-939.211
-938.808
-938.401
-937.985
-937.557
-937.127
-936.69
-936.244
-935.795
-935.331
-934.865
-934.394
-933.917
-933.431
-932.935
-932.441
-931.945
-931.448
-930.944
-930.435
-929.922
-929.407
-928.901
-928.389
-927.878
-927.364
-926.855
-926.347
-925.841
-925.335
-924.834
-924.34
-923.85
-923.361
-922.874
-922.394
-921.925
-921.454
-920.994
-920.525
-920.056
-919.599
-919.141
-918.68
-918.21
-917.744
-917.28
-916.813
-916.343
-915.864
-915.381
-914.895
-914.406
-913.918
-913.416
-912.906
-912.39
-911.873
-911.344
-910.803
-910.261
-909.714
-909.163
-908.601
-908.035
-907.468
-906.897
-906.327
-905.753
-905.175
-904.596
-904.02
-903.445
-902.863
-902.284
-901.704
-901.125
-900.548
-899.974
-899.402
-898.828
-898.264
-897.703
-897.138
-896.581
-896.018
-895.462
-894.909
-894.357
-893.803
-893.243
-892.689
-892.13
-891.573
-891.015
-890.454
-889.889
-889.32
-888.752
-888.171
-887.597
-887.017
-886.427
-885.83
-885.229
-884.624
-884.013
-883.4
-882.779
-882.144
-881.507
-880.869
-880.226
-879.579
-878.924
-878.267
-877.611
-876.948
-876.285
-875.622
-874.96
-874.292
-873.625
-872.957
-872.285
-871.615
-870.947
-870.284
-869.623
-868.961
-868.306
-867.657
-867.009
-866.364
-865.728
-865.089
-864.461
-863.836
-863.215
-862.589
-861.968
-861.352
-860.737
-860.122
-859.508
-858.888
-858.273
-857.658
-857.041
-856.414
-855.79
-855.16
-854.529
-853.896
-853.25
-852.596
-851.939
-851.278
-850.612
-849.937
-849.251
-848.565
-847.874
-847.176
-846.475
-845.767
-845.054
-844.346
-843.63
-842.91
-842.193
-841.476
-840.758
-840.038
-839.317
-838.588
-837.87
-837.148
-836.433
-835.716
-835.002
-834.291
-833.584
-832.881
-832.179
-831.483
-830.789
-830.099
-829.412
-828.725
-828.036
-827.344
-826.656
-825.965
-825.272
-824.576
-823.884
-823.194
-822.494
-821.793
-821.091
-820.385
-819.679
-818.961
-818.24
-817.51
-816.782
-816.048
-815.309
-814.558
-813.806
-813.049
-812.298
-811.534
-810.763
-809.994
-809.221
-808.456
-807.686
-806.909
-806.135
-805.364
-804.591
-803.813
-803.041
-802.269
-801.495
-800.731
-799.966
-799.21
-798.454
-797.701
-796.952
-796.2
-795.457
-794.717
-793.985
-793.252
-792.525
-791.794
-791.067
-790.338
-789.605
-788.881
-788.148
-787.409
-786.676
-785.938
-785.194
-784.444
-783.686
-782.933
-782.174
-781.411
-780.636
-779.852
-779.066
-778.276
-777.476
-776.667
-775.849
-775.034
-774.214
-773.385
-772.563
-771.728
-770.896
-770.063
-769.229
-768.394
-767.557
-766.727
-765.892
-765.059
-764.227
-763.4
-762.572
-761.757
-760.939
-760.12
-759.311
-758.507
-757.709
-756.911
-756.123
-755.333
-754.553
-753.778
-753.003
-752.226
-751.448
-750.673
-749.904
-749.133
-748.36
-747.583
-746.807
-746.032
-745.252
-744.464
-743.673
-742.877
-742.078
-741.28
-740.467
-739.648
-738.83
-738.001
-737.17
-736.326
-735.474
-734.62
-733.759
-732.896
-732.023
-731.153
-730.28
-729.402
-728.519
-727.635
-726.752
-725.868
-724.983
-724.101
-723.215
-722.322
-721.44
-720.563
-719.687
-718.811
-717.938
-717.072
-716.211
-715.359
-714.507
-713.659
-712.818
-711.983
-711.147
-710.313
-709.486
-708.655
-707.828
-707.001
-706.176
-705.348
-704.522
-703.694
-702.864
-702.031
-701.193
-700.354
-699.51
-698.662
-697.807
-696.945
-696.072
-695.2
-694.318
-693.432
-692.534
-691.635
-690.729
-689.822
-688.907
-687.98
-687.06
-686.135
-685.21
-684.275
-683.345
-682.416
-681.484
-680.556
-679.624
-678.691
-677.758
-676.835
-675.914
-674.996
-674.079
-673.165
-672.264
-671.365
-670.457
-669.56
-668.675
-667.795
-666.908
-666.023
-665.139
-664.258
-663.383
-662.504
-661.62
-660.736
-659.851
-658.965
-658.078
-657.18
-656.282
-655.38
-654.478
-653.562
-652.643
-651.713
-650.784
-649.843
-648.898
-647.942
-646.976
-646.009
-645.038
-644.062
-643.076
-642.089
-641.103
-640.117
-639.123
-638.129
-637.13
-636.133
-635.136
-634.141
-633.143
-632.144
-631.154
-630.165
-629.176
-628.186
-627.206
-626.224
-625.251
-624.279
-623.312
-622.346
-621.391
-620.44
-619.482
-618.525
-617.569
-616.61
-615.66
-614.705
-613.746
-612.789
-611.832
-610.87
-609.898
-608.93
-607.953
-606.978
-605.995
-605.003
-604.004
-603
-601.994
-600.979
-599.964
-598.932
-597.901
-596.864
-595.828
-594.782
-593.736
-592.68
-591.627
-590.569
-589.515
-588.451
-587.393
-586.336
-585.286
-584.229
-583.171
-582.114
-581.057
-580.01
-578.968
-577.926
-576.885
-575.849
-574.82
-573.799
-572.777
-571.76
-570.746
-569.744
-568.742
-567.74
-566.735
-565.736
-564.746
-563.75
-562.755
-561.752
-560.752
-559.748
-558.744
-557.739
-556.731
-555.718
-554.706
-553.687
-552.656
-551.62
-550.58
-549.528
-548.471
-547.409
-546.336
-545.256
-544.175
-543.084
-541.987
-540.89
-539.791
-538.69
-537.583
-536.468
-535.358
-534.245
-533.136
-532.02
-530.903
-529.787
-528.677
-527.567
-526.46
-525.356
-524.259
-523.167
-522.079
-520.989
-519.908
-518.826
-517.755
-516.693
-515.626
-514.565
-513.504
-512.447
-511.394
-510.345
-509.29
-508.236
-507.185
-506.135
-505.084
-504.027
-502.967
-501.91
-500.853
-499.788
-498.715
-497.636
-496.558
-495.479
-494.39
-493.293
-492.191
-491.088
-489.982
-488.87
-487.749
-486.63
-485.507
-484.385
-483.26
-482.127
-480.993
-479.864
-478.738
-477.603
-476.468
-475.333
-474.194
-473.065
-471.929
-470.802
-469.675
-468.55
-467.436
-466.318
-465.206
-464.095
-462.991
-461.885
-460.784
-459.682
-458.575
-457.472
-456.372
-455.272
-454.163
-453.056
-451.953
-450.845
-449.732
-448.619
-447.496
-446.372
-445.25
-444.126
-442.985
-441.844
-440.694
-439.543
-438.385
-437.214
-436.043
-434.871
-433.698
-432.517
-431.332
-430.15
-428.968
-427.787
-426.606
-425.42
-424.237
-423.058
-421.883
-420.711
-419.538
-418.371
-417.203
-416.045
-414.893
-413.744
-412.604
-411.469
-410.334
-409.208
-408.088
-406.975
-405.868
-404.767
-403.662
-402.563
-401.467
-400.371
-399.276
-398.18
-397.086
-395.982
-394.881
-393.783
-392.679
-391.571
-390.453
-389.343
-388.221
-387.094
-385.956
-384.815
-383.667
-382.519
-381.363
-380.195
-379.019
-377.843
-376.666
-375.478
-374.281
-373.085
-371.887
-370.696
-369.498
-368.293
-367.092
-365.892
-364.692
-363.49
-362.285
-361.082
-359.882
-358.687
-357.496
-356.301
-355.114
-353.932
-352.756
-351.582
-350.406
-349.241
-348.082
-346.931
-345.772
-344.617
-343.463
-342.312
-341.167
-340.024
-338.873
-337.72
-336.572
-335.428
-334.279
-333.125
-331.969
-330.812
-329.653
-328.496
-327.328
-326.148
-324.974
-323.795
-322.602
-321.411
-320.214
-319.012
-317.806
-316.603
-315.389
-314.178
-312.97
-311.763
-310.549
-309.333
-308.118
-306.91
-305.699
-304.487
-303.279
-302.076
-300.875
-299.682
-298.486
-297.291
-296.108
-294.932
-293.757
-292.588
-291.42
-290.257
-289.098
-287.946
-286.796
-285.642
-284.488
-283.337
-282.189
-281.038
-279.885
-278.731
-277.577
-276.416
-275.252
-274.085
-272.909
-271.735
-270.553
-269.367
-268.173
-266.974
-265.77
-264.564
-263.35
-262.126
-260.9
-259.668
-258.437
-257.2
-255.958
-254.714
-253.477
-252.234
-250.996
-249.753
-248.509
-247.267
-246.033
-244.801
-243.566
-242.335
-241.107
-239.884
-238.661
-237.441
-236.227
-235.022
-233.816
-232.619
-231.422
-230.226
-229.038
-227.854
-226.672
-225.489
-224.309
-223.125
-221.941
-220.758
-219.574
-218.39
-217.203
-216.016
-214.822
-213.626
-212.426
-211.227
-210.025
-208.817
-207.6
-206.377
-205.155
-203.924
-202.69
-201.443
-200.195
-198.948
-197.7
-196.446
-195.183
-193.924
-192.666
-191.409
-190.144
-188.876
-187.615
-186.353
-185.096
-183.837
-182.579
-181.319
-180.065
-178.816
-177.573
-176.326
-175.092
-173.863
-172.64
-171.423
-170.199
-168.986
-167.783
-166.584
-165.385
-164.183
-162.986
-161.794
-160.6
-159.413
-158.216
-157.02
-155.829
-154.633
-153.436
-152.231
-151.024
-149.815
-148.601
-147.382
-146.153
-144.917
-143.673
-142.431
-141.181
-139.921
-138.651
-137.379
-136.109
-134.826
-133.537
-132.247
-130.962
-129.669
-128.376
-127.081
-125.782
-124.49
-123.198
-121.898
-120.604
-119.308
-118.017
-116.731
-115.447
-114.168
-112.89
-111.618
-110.353
-109.095
-107.832
-106.578
-105.33
-104.085
-102.84
-101.601
-100.363
-99.1235
-97.8888
-96.6534
-95.4163
-94.185
-92.9459
-91.7118
-90.4751
-89.2332
-87.9946
-86.7494
-85.5042
-84.2556
-82.9965
-81.7336
-80.4762
-79.2063
-77.9329
-76.6541
-75.3699
-74.0796
-72.7897
-71.5005
-70.2056
-68.9059
-67.6047
-66.3093
-65.0143
-63.7147
-62.4142
-61.1157
-59.8189
-58.5164
-57.2183
-55.9261
-54.6377
-53.3519
-52.0658
-50.7813
-49.5026
-48.2356
-46.9718
-45.7144
-44.4608
-43.2084
-41.969
-40.7305
-39.4935
