-0.2882730139608955
3.555667134958308
4.199646022876483
5.76676160805383
6.561562851474987
8.603037195932648
11.87844850320711
11.024889955854714
13.229825292967995
11.382324561668444
11.812960271646846
16.334890715898634
14.825521216286628
16.943153674392914
15.077637385380148
18.00689647187919
22.4427122605971
22.49916114996994
22.711259555860337
23.764447843379244
25.984625728544824
27.907834817546142
28.606864031954583
27.354445300578753
31.08165398456672
31.64797647300413
35.507617062770315
35.11908307706186
35.72436027706637
36.09628235329017
37.755274346985075
40.456270898478984
39.814780413438484
42.40724921922735
41.010634970817605
45.695563871940465
48.549305846811
47.13915435483176
47.2174886538716
47.453871515431466
49.494663682036524
52.563004295272705
52.5612825778433
52.462081586122245
50.91353209481129
54.96682650906981
58.208218548726855
57.992804427215226
58.17042925600892
60.08227410157314
63.37564677458322
66.73714345714937
68.16373113104794
67.42698479305136
69.54360492464714
72.22113693779745
74.83273463289916
76.9773760426797
74.93589213785762
76.07383587561478
76.89814295067193
80.49314059490351
80.15633621989359
81.37479806428075
79.7682573775104
81.4314895472315
84.42199280677569
86.14160397473681
87.31327913006436
88.33607705714402
89.93145864473334
93.02657918780314
92.3703397344554
92.84267431547774
94.41094578723866
94.97690527667305
96.8068408994663
98.8188604734694
98.23023274782418
99.24228846503102
100.71474932743568
103.32115086787203
104.64454061166018
106.13291725568413
104.12002256195154
107.67602351633393
110.91052505413019
109.54086092748624
113.03813799404219
113.51454887165133
114.53104870796714
115.28608717465735
114.29096270150404
114.22337064582509
116.2177524433411
116.91175963945993
119.71998296364693
120.35716629900578
121.45517756816011
123.71472362423349
127.60410486790168
128.21861292107263
131.21904472377508
131.00390789819645
132.89551215161455
134.33067048903573
137.19346212909923
138.6487643354248
137.20210466289757
138.26554171971605
141.00648794340242
141.66995009584625
142.79524256688575
140.5264266370726
142.50639016368268
143.8253036569778
148.20263452156973
148.42133350075952
148.27355273270067
150.23348033498658
153.2918177927877
154.92281099640294
156.9594765868783
155.81069067162167
155.90529369005904
159.49817420505352
160.35616687324304
160.62421783774093
160.17552405945622
159.58709720616085
164.89440354350052
167.2140155770442
167.49784798114516
165.37908383568845
166.8762759242984
170.99895963229477
170.57934839972694
172.26854367161215
174.33831079642772
173.73676005497114
176.06757010217945
176.43244140201222
179.4172484478292
176.46746079892822
178.0000596655894
181.12317542358315
183.32114585801577
184.84826870386644
183.99477008684113
186.40500131170498
189.18623148109916
192.49832252038263
192.22896385732554
193.3105726742853
195.1804127173783
197.43710731809009
200.01204464132678
199.42671521487995
200.12693100981582
199.5016535707151
201.8644957575285
203.3200377477196
204.90474449077865
202.7673520356962
204.02196858318072
206.23540833774686
210.2353678316053
210.73500186843484
211.03955229256468
210.8956172201504
214.56336271938625
214.78444895641996
216.55757439756553
215.30202640803554
217.91729046946912
219.3485676704187
221.90393413303156
223.2849251802431
219.3318482912529
222.2228353446658
225.11108345467903
228.2459250298695
229.4726363491603
230.42018653199298
229.75623428979577
230.79882705497704
233.14235320692194
235.68879171722116
234.64468666938856
236.32360470592766
236.2105220306747
237.55552427658728
237.11254542410865
239.4206187197945
239.28070892906837
242.8642680358368
242.17252546169937
245.00065388807033
247.00845366884917
244.73149134228896
250.03602462402876
250.53649821886944
254.5457274825277
255.66918585345056
258.0894137916862
257.5483058642845
260.6985855413851
258.3605473591374
260.98152056488806
260.595425005557
262.23447253792216
266.2845123136123
265.61849272567616
265.92480409252994
266.4935507441837
267.68141006678155
271.43107874827047
270.36551848414035
269.81395072356594
270.8306128451638
275.02508097141026
278.14813079411886
275.5662156433313
278.38402350562023
277.53714805940405
280.10631722723053
282.5102323208919
282.1654778439771
280.4468826312334
283.0973091387837
286.16555883380715
288.65240686886375
286.94982856507954
290.14395414854204
290.9499370410048
292.32191820848493
293.1677719958794
294.06502790514287
294.5708953937908
294.7452313112298
298.588293584333
297.7649986710217
298.89441539015223
298.18921835545996
298.7129050457195
299.91167619925733
303.4759562569897
304.24891389002846
304.23234160104755
306.27953182092705
308.87517960385725
312.8753197372139
313.75294668842855
313.0963272177775
314.9804769428294
316.87590042374205
319.0799406758459
322.4073966792051
320.9485878099711
320.94435103126733
322.22157637423055
323.67434179783424
324.9373818183332
325.04027114380995
324.726423325273
326.3461451467921
329.9240097392851
330.13276795276965
329.8931507902754
329.778535927609
332.4956012151616
336.0995852616728
336.4946535041366
334.85769506030385
336.0719187979612
339.70283785138685
339.6296629826999
342.0800970363552
342.4782741553388
341.1766210306498
345.8496151808614
346.01214806360065
345.9109521353503
349.6437578837349
347.92978802622713
351.9022779576434
351.6742720349793
353.7851640981988
351.7871791724694
354.8879357101274
356.1591647314715
358.9910512903634
356.1057462756261
356.04776767533576
357.6309495536178
359.82347225015974
363.1627512154056
360.98810356927925
364.30273543741384
365.5635412552133
368.4475855406319
370.5789266387757
371.25710091230906
372.28707184107634
373.3313478283558
377.939822515053
379.2342153785394
378.13444756816216
378.94985257373156
379.1318914277693
379.9206031549855
382.2587220355606
382.7088268743702
382.9390703470386
382.76525647993486
384.1487925730488
386.5927487719088
387.33612134582523
390.38951510997686
389.0486224930635
391.86203109267484
394.6416541303818
396.50867575902777
395.4537998207366
396.71267258980384
396.126784179639
399.34257277699766
397.894972093935
399.87941539007767
399.4522982524263
402.74288543411717
404.2812227918962
406.4567167339569
407.18273542886044
406.4338336030304
409.13120837807713
411.092176264138
411.98445146730506
410.3353497633304
413.2621284106468
414.0706541008762
413.5358020062608
415.430408927185
415.1621017079669
416.3060106943074
417.3293736204564
421.34220266450626
420.8996533896132
420.60497752631863
425.53494005300274
427.1885069634724
427.6442166084012
430.79403686005594
430.79756419516764
431.85469500240083
433.6359271738484
437.02469257919915
437.49546075489803
435.49958346701646
436.0430181416042
437.1677741353983
441.2904630543307
440.6134125685999
440.65182555999365
439.32675079459113
442.5698421794933
444.88714398322105
446.1009171574665
446.32953650726904
447.0930031339333
449.4673143417508
451.21955659118026
452.2315876992607
450.0093722054525
451.10042920792836
453.0196142748147
454.7778800489684
458.1272311871611
457.5952456956109
459.03089731076
459.9172991854313
462.1457976053109
461.7150384347909
463.34993270145
465.7261338878351
465.2734734295354
467.6659076646426
469.0519669913046
468.25829923988584
467.79966067590965
470.022477576624
471.86594551505146
470.0190793328267
473.03340582316935
471.64413589121204
474.88393817295463
474.6836960237847
477.57630776642554
478.8756089048023
479.5640477249089
482.0678452818931
484.95144335858265
487.4037896768772
485.5966632849808
488.39643042023937
490.3810470869816
491.34035105755214
492.6957575550749
492.4316417250071
491.8543884155982
495.6756545057135
496.2697455220145
497.17025634848403
496.6496210351368
496.97514374870946
498.77925365654676
500.4597813871734
501.1671994752616
500.5436353033081
502.8452394032753
504.72259011047475
506.8105749996954
506.699925269005
509.3420206094601
507.0821531808013
510.61921508517514
509.8358141412469
511.8577987292345
513.585791631096
512.2845044507776
513.4386110795788
516.9912829429952
518.0032521734099
518.0701581283888
517.9214063897844
521.0987589445778
523.7296446126412
523.1482873863881
523.689637299768
521.4660550322877
524.839056488441
528.1144416144751
527.4584333418563
525.553830474286
527.7111997732034
527.974191329139
529.2081893344803
531.6900900051182
532.1862658055791
533.5343707490393
536.2258834100236
538.7269421807773
541.3629042596689
541.0688787251677
542.862619844841
544.7996047211392
546.4798124774635
544.4636296643009
546.1254848613895
546.3309194297397
547.8643836014389
548.6376555729909
550.1807274673091
549.3028105492184
551.9340643514232
552.9045629599461
557.0816980845511
554.4991217105378
557.1971272945874
553.5645084208425
557.3113468822708
560.1491806519529
560.474872248781
560.6524617804546
559.8747566500791
563.2146633584703
565.1536304117069
565.0013621146418
564.5757664663988
566.3856922350935
566.9068731359765
569.7337563092656
568.8725652864864
569.6207880274878
571.2107953390293
573.232137477642
575.4278739218203
575.1834033289527
575.8061454964973
575.6531791986955
577.5518664714465
577.9299144141108
580.5175533634264
578.3055571599981
580.2749840556027
580.274285641637
582.9912849688026
584.4322388289288
586.8387336284497
586.2451585276425
588.3990185481995
590.9702806659689
592.8506379869528
593.7899298086336
593.2709666556044
596.3313989973216
598.185336640309
597.9888816915308
597.6260291322243
598.5620998004438
600.067367486637
599.2158144086519
600.4944487059902
601.671429302455
603.756866624978
604.4513448190536
605.913030463222
604.9160757784956
606.2068244701469
607.5100893943661
609.4592626405854
611.8015372877419
610.2875077670357
611.3216323464675
612.0122236251656
614.275149567512
617.0036959172918
616.0834239332296
614.7828153479654
614.8634364148992
618.3813757910373
620.1027195954409
620.8239588404549
622.7397444464563
622.5473956586272
625.1056014802443
623.8865230360503
625.4312908150454
624.5151260584951
625.9893255411218
625.0419179849251
630.3551583495948
627.1639274377566
628.5958169514446
628.6654990756326
629.9441945298029
633.2519944506074
634.0603009898648
635.0776821596186
634.1811976903725
636.3923993606469
640.8132179886754
642.0316342277503
640.8746190847204
642.3965242960178
644.2289562550278
647.2865758978445
647.298120336427
645.5363544809817
645.5408021836636
647.2246957753141
648.5196849438586
651.1315188179914
649.9307040689678
648.8079672259097
651.4760444478651
652.855385741681
655.8657101276871
653.4971876863465
656.2624519181873
658.0985288573848
657.076335099081
659.4300582095395
660.854797105401
659.3639177775618
662.1462982875184
662.1201465393079
662.8935609288034
663.604332917374
663.5899226485965
666.1435641171893
668.2406339807698
668.6629342320161
669.9440192688911
668.8466331188179
670.0946496420083
671.9677760061186
671.4712896428346
672.7545041464963
673.7399836577666
675.1288959094036
675.3480417909882
675.2734381374321
675.6223892515967
675.6388437436204
676.6296459249004
678.7864068324594
681.214700683393
680.3544914628999
680.7181045356677
683.6464755430769
688.0340872712783
688.7996047568699
689.0114555324996
689.0554165032279
692.1401578886985
691.7799024582106
692.9236521913728
692.353716426082
694.0759679006508
694.1095499320343
695.813894214632
696.4663719131036
694.4779666016108
695.5096443107075
697.5259299402748
699.0344601036613
699.9963541316321
699.1524088764846
700.0418482211596
702.3811309645687
703.6510936011131
704.858275291435
705.2345346756027
704.657256962645
708.3448108873101
705.350198752868
706.3440727525717
708.052454915937
706.4669602181549
708.3095913421213
712.8653722338028
710.8862083419343
713.5392324301282
712.1651559121123
714.8508769000666
716.8219240619172
715.8230239533822
717.0096241229681
717.9944896108203
718.310675532441
719.2519805348988
720.1360370978208
718.8635698817785
720.9114560914838
720.5133030141138
723.3289324222478
724.2558881499767
725.9857572176011
724.6944974972091
726.4007745624311
729.659667673159
731.9697563518682
732.1316805256711
732.3794890484138
735.6956014052552
735.3844764155135
736.0078868706227
736.479875065058
735.7914112608618
736.4138797740328
739.0649440408109
736.60644425475
739.1018877173425
738.3463204619599
738.1337496647515
741.4075124226013
743.3576814032847
742.1704040236373
743.8023837506797
745.0709704870997
746.1271092275349
748.8727200301785
747.7619035877506
746.5042758365491
749.2743552763013
749.2024046217219
749.5168556462129
750.6785819352679
749.7329169398462
753.3362633332532
753.7496276014339
754.0268768453639
754.9141708477129
754.2689939270256
757.2016551871565
759.5894329509193
759.0325273793521
760.2956471757263
758.2386757486717
757.8605390973405
760.43165578572
761.1759347323649
760.5527642367322
760.184254087143
761.6403749809591
764.8879807806544
765.0661659540449
764.703719999528
765.8403211110685
766.9976021244933
770.7881701299021
772.1409159049593
773.9392994976528
772.8422681234533
774.6267720882897
776.0936313958671
775.1905272407859
776.6033019154419
777.6401371323947
776.2963515454546
779.3345695001235
780.2136965677224
778.805926881527
777.2884049235365
778.7499453176408
783.3372283205297
784.7426326336405
781.9048453170763
783.5248948618793
786.7496301350484
787.3303084210598
786.5510702827964
786.0693211133384
787.0098227282471
786.8590730567853
789.5501571056659
788.2754961382047
788.7028332339618
789.5610250982454
791.0073107147168
795.0971406092118
792.8870188324955
795.1527095479822
793.8601575988391
797.8168494846716
798.0874901879945
798.1190908022152
797.4332710358356
797.1723774683679
799.5356632713176
799.1584433709378
801.7919244860202
799.5954332404157
798.590429372255
801.4712961314605
802.4585709288199
803.1754778063164
804.0236099559837
806.5052233442841
804.9930857258694
807.7486154717577
810.4679737927374
808.9572253922963
810.9759974317777
813.5554178512228
812.7711191658667
815.0512746174451
813.8456344167178
813.0707156644042
816.9554783640214
816.3934485843108
816.1918960170813
814.7122492610731
815.435245580501
818.6575332119187
819.5866883255837
821.0843124086418
819.9712187514376
821.199166071588
823.3327153225448
824.155874281357
823.0253086134333
823.6348201532735
825.3413324161418
827.3193111634879
825.3604520701887
826.4851653887368
825.4523132679042
827.1615499225506
828.5517501076383
830.3207853803558
829.8366607020746
830.4136219918183
830.0937273574136
832.418535055375
834.2782878320262
834.7841729528249
833.1035608913855
834.7616366880118
834.9571160483663
835.9740275667494
835.1482263765043
835.4116285831772
836.0635189124167
838.4889342136647
839.0474107331663
840.8238621940071
839.9960267722548
838.8362436581696
843.5383125885633
845.1702421168094
845.763574002698
847.3347676213053
846.3167677105906
848.3696743763204
849.4901959854095
849.4790190440395
851.3206197728085
850.051320875361
850.6706131407137
851.4523731252917
851.1174238998872
852.8845046131329
850.7549263335196
852.8263763434696
854.4476542188846
856.2230083293395
854.5955784058386
854.7719786946888
857.0276435986158
857.6141926191314
861.3276288144053
858.4082277188454
858.3102927711644
860.0172791597267
860.8844198682513
860.0763450110042
859.8033935401272
861.000613855255
862.1836889779447
864.5782011560865
863.9200529257215
862.5347677614023
866.1457741630475
867.2625013129801
867.7828051097872
867.5450119586893
869.6703382520298
866.2190335949045
869.7035778686636
869.5784006908118
869.6772053251168
867.9936506472785
867.8608823412154
870.9100750289724
873.14337548011
872.1776285027145
870.5382159726217
873.1023781111784
875.2215038443683
877.9431458071292
877.784772027602
878.6911174589566
878.6040114205497
882.4952710429363
883.304210122325
882.4284502866411
881.2447916412143
884.2767875631453
883.0450309078346
882.2942407123345
883.1259452824881
884.0813157535524
883.0448383140264
883.9679932786091
885.739749692165
885.7126793665747
887.9144955866306
887.2889283278981
886.164456062887
891.2443283529254
890.0964572071213
891.206657101556
888.3431755455281
890.0857649793613
894.0161602408695
893.3727109194605
891.2952616489611
891.0282657599479
892.8338584459223
894.8287204413776
895.7317517869733
893.4050483797223
894.6896381091251
897.7986694955719
898.6102441303944
897.0557212184748
895.2182727721818
894.8907100708261
899.6149904417106
899.5403334553915
899.0740872239832
899.0140844440662
898.3305078865734
900.1788457860451
903.58908099015
901.7578935252993
903.7976342908512
903.1883541474814
906.6453932224791
906.8110898457699
906.7533169976278
909.2734679346014
907.9450257324442
909.4970789813063
910.1500205096223
911.8685631692895
910.348169366493
911.5574603543051
912.2143716757697
911.6109811880862
912.6727621536041
911.4960828607019
911.8547438855057
912.444072266767
913.6509346849779
915.4313780171653
913.7632514438574
914.4685086930101
914.374408600952
917.5130621059172
918.5725517548215
918.40447628504
916.1571186991999
917.0130617303911
919.172698185593
921.7401795279842
917.8299646379404
917.1156878023618
918.6828456783012
921.1112391749215
922.2313993517268
923.2813064962958
921.3335215351871
923.9670917764063
924.1189388147458
922.9284188267947
922.0909251759257
923.1970378111629
925.9191995811209
925.740448202777
927.8659322686084
925.2805999466095
924.4993442826033
924.3553001035391
927.4788931617202
925.8045724749078
927.4836772591235
927.6422219196597
932.183287509326
932.1411981369042
933.4769715350271
932.4273778047125
933.7261693541535
935.4853038937707
937.6217035290558
937.3826907119949
935.2894182329978
935.4118709060438
937.1685399430979
935.8838321037075
937.2826982366543
934.9505646376437
935.2248470993101
934.9421782402303
938.2256072856081
940.0758239321639
937.5054625008785
937.2389583826334
942.0264722744863
939.5270925146589
940.777534710109
939.4713467904066
940.104901589159
941.5535783417712
941.9440536205693
943.334663413803
941.3078546468079
941.067871916508
943.3602052314405
945.5494446535605
944.3541412300655
944.8911154643889
944.5390689751852
944.6543426366363
946.6805017124341
946.6997883592279
946.0376801486377
946.8014228298535
945.9464265790936
948.581926052495
946.2279576355317
945.4466283261099
945.3814784826501
948.2733817764288
947.6480854919362
946.8875489241794
949.5954041005776
949.2605125320333
952.7692459101762
953.5976891659665
956.1713833338817
955.6765316537133
956.3126544120785
956.9858949991744
955.3289527960002
955.5276561375927
954.6762915618692
955.6162392995228
957.9843037300614
955.6413279120063
957.2506084513551
955.7485737921335
955.5333412339857
955.4979775621928
958.6695002213729
959.729647076373
958.4419104363808
957.8903883995695
958.5394917621927
959.51231114804
962.3268349044002
959.5811100627122
958.8382260958869
961.0623208721709
960.8527940733345
960.4170395035909
960.9290442425524
960.5857984217939
961.8390934398749
962.2092100170009
963.320083818986
963.5609681488739
962.1871472694526
963.4679897588765
964.9269289795673
964.2319244261703
965.4847053909539
962.4203638206258
964.7744063493559
965.3952270063409
966.2439323152065
962.5652773637806
962.4092742524726
965.5792588070079
965.2873569162595
967.66172232639
965.5035632181379
967.0864194549381
968.5032347765556
970.7746765481805
971.9656432490759
970.3279486198704
971.4189964862218
972.8262386945609
972.4559571824177
973.7381906954769
972.4498700031027
970.9136224409588
972.1493322755167
974.6864614783098
974.0051827680859
972.0060360905862
972.2596631928143
973.0019099715059
974.9301228197422
975.813084343582
974.2815388470407
972.9706591196004
974.6271724658748
976.4382915199747
977.1330657594385
975.68103483706
973.7208922255907
976.2561041134112
975.1439593284223
975.1449213863672
975.1164307400492
975.4466045599356
976.9128131320432
978.4164631408238
976.413394006726
978.9546210826638
976.1362339938315
977.9638527695035
980.7389197010939
979.0700729180618
979.3713426474508
975.8963345355932
977.773411142798
979.6621879662639
978.2659717418111
977.0500586525127
975.8068364164624
977.8490597265192
979.4215784215546
980.8436469557217
980.5021949221212
981.5234746506577
983.290706946908
981.8339930382899
984.314800876948
984.3735439770848
982.0782138091628
984.79885005696
987.8117245814859
985.8031925794984
983.5924998253913
983.3218362864494
986.1062724486712
986.5291112598716
984.5570608237939
984.4510666211203
982.7940055263956
985.9264524235988
987.4047034721073
985.8312169302052
987.2332577029522
985.7074003455045
987.5809176826895
987.2846737897694
988.1768381375225
985.8322361830274
989.167055142628
987.383840762598
989.5435307334773
988.3699189101995
987.0095986979587
987.1566034626624
988.9690065418944
989.18686116168
990.1053491744796
988.1958886741699
987.2768405984625
989.7975438368629
991.1004265729275
989.3149219091191
988.7098318848936
989.4849986956963
988.9375147108107
990.7222177264341
988.4745336288565
985.683369198586
987.660194676244
986.9221577531345
990.5278471126358
990.0990804709717
989.0133999022308
988.8651236456575
991.2514870850061
992.6182145732333
993.7230926519941
992.3960405863287
995.0325804414827
995.3115280183016
994.4364350366899
996.5356251493764
994.9985033160503
994.3137446614525
994.3069829967463
995.4326129895456
994.6706429740324
993.5819093772697
991.73146743648
993.8534533099906
995.0627404060908
995.8081467321207
994.0537488078338
995.8167000729253
995.4373758580182
995.6670197310507
995.267237354404
995.9121263218257
995.1644755007242
994.7310955599938
995.757831353752
996.5892182627715
995.251555369258
994.052062190271
996.5856212128277
997.2381706348327
997.1674124501835
995.6003802390857
995.3663818361688
997.1039383789736
998.5837840337738
996.8103060313272
995.5249357612628
995.0510227485653
997.8178690730342
997.8224792894825
996.0675805409184
995.2972607168035
993.2056019512765
993.6373771226627
995.2578820737155
994.6306326489514
995.7834300610228
998.5304626052643
999.1108828728735
1000.7871102718568
998.8550299165116
999.9385708648265
999.5552053745186
1001.6920638686164
1001.4043709470945
1001.6111103359519
1000.9957006455567
999.5729014677555
1000.6417640526171
1000.2544554397515
1000.4371244446936
998.5270491561154
998.545656227076
998.4147832651622
1000.5565869487764
999.9949098211912
999.3611696897852
999.0297589367285
1000.0145339245607
1000.8946206766497
1001.2555889973262
999.3877823506663
999.6486399046195
1000.1959327283896
1000.2548205394075
1001.8466519849043
999.5333762122987
999.362783642739
1000.0738734954214
1002.3928386759827
1002.4023563954149
999.9062388621353
999.8755208287024
999.803984580572
1003.5734403722943
1000.9466452288469
998.1207361625304
998.8317237024448
999.0685450222217
998.2453398471713
998.5969485192204
998.4405300862362
997.6561450664271
1000.5882388746414
999.395300347158
999.9683431833058
997.5812025497295
998.5416962507154
1001.5780624983863
1002.6748780518649
1002.9574970310731
1002.9362627956135
1002.0007267986072
1003.639900953896
1005.6447525528472
1004.6154924987175
1002.2223535325716
1003.6993708369046
1001.628806856786
1001.8919574856188
1003.6707565058002
1000.9551499892813
1000.1437386273807
1001.0801093362238
1002.7138637752399
1002.476978460067
1000.0865075238557
1000.7149515186458
1003.4074918579794
1002.0161515219486
1002.7218539584999
1001.7594523023656
999.1766262495638
999.5348781044156
1002.1263131385069
1001.2057710834829
997.291176655861
999.3338303728569
999.9530826485434
1001.2767251463926
1001.8071444849513
999.22814770285
999.4004007297912
1000.1080126235643
1002.7677540786201
1000.4817632828742
1000.2348252369976
998.4841110745971
999.8495875342908
999.127915182211
999.6137933201835
997.3027730381535
997.7238978836165
996.6498976728252
996.2830454586765
997.7276446826403
998.4028576295696
998.9739872443249
998.3906612400433
1000.8714501992225
1000.0641648048381
1000.6309949325213
998.9759076900071
1001.4897381525997
1002.3530618434415
1002.6006987619594
1000.246080336804
997.9900724744502
999.6126928064238
997.6602727638002
999.3842694441962
996.1872553771533
998.3559109357989
998.3233736309304
998.7531134859091
1000.1051720490908
997.5785179666824
997.9992568242855
998.9222402325785
999.8904989206377
1001.5374034792763
997.7125921557382
994.7191507572484
996.8598796133658
997.7334926478783
995.5468280191707
995.6405495297433
994.9773076651265
998.3353043601645
997.4024912353373
994.5297234788758
997.0082281040429
996.0010550833024
994.2895802018126
997.1692425894771
996.017197468038
995.4899832035024
994.4471904782274
994.657540946663
993.7664669478611
995.9270393509214
993.4422895875292
991.710357761655
991.7173288725716
992.7519184064025
993.5687454253726
993.4359748111011
991.8423340170448
993.0880645907024
995.3306051690311
996.0350404641135
995.5298596915239
993.6736299990853
996.6656209288942
996.9938025971513
995.8021360901378
994.4705643281935
991.8009006207303
993.0090048429544
992.6346921221852
994.7623135437495
991.1597924183186
989.6847426167229
992.7437074175608
991.1560336309548
992.0378908600875
991.9925534456404
990.5471373346975
989.8679061180342
990.2658525124278
990.7552139726477
988.3839068307359
987.2024326906173
990.4135104588499
989.3311950551675
986.4871641076122
987.0302435897654
986.2720935900965
987.7020682280727
990.0548858026579
988.0739368947532
987.3362449846549
987.036837725072
987.6688321519213
987.3126141573621
986.6152079630516
985.9375497919555
983.6539208112404
985.5678067374841
985.1588977390172
984.6550881786591
983.2282674028668
980.9578423224683
981.0272246982
984.0827321599684
983.4673441905755
980.9256071706285
981.4014666759906
983.033937956573
984.2760512118631
985.9561245555158
984.3441230187077
984.8370497621818
985.3034238809623
985.65913216546
984.9292418734191
981.9401178110712
981.9767498348625
983.1790767697943
981.9969648785283
981.9275977375041
979.9075492434232
979.1376532895558
979.257141989138
980.6509135472339
978.3793837420143
980.2049640032924
978.4246978569269
979.7641009190208
979.2129704647733
979.1917662084329
976.0437967006246
977.016200712285
975.8655711078701
977.3094291444569
978.1983751210263
974.8520584688117
972.0203321186862
974.214230147861
976.0373820035742
972.9205018103781
974.2177399620692
973.1620023242115
972.6613548341967
973.3880520615036
972.5637213542601
972.2544819174103
969.6859656292534
970.6404912025095
970.4951066746811
971.2705815027881
967.609294141967
968.7795346685513
967.9394091629384
969.8588184996472
968.9937415696779
968.2798475678376
969.9169109035046
966.8535982367698
970.5164206912744
968.7637831318398
968.5985860871397
969.2187514158436
969.8075885792375
969.8634078282843
968.4039009276768
966.8810784275096
966.8098494283237
965.9515827134867
969.0769189554518
964.997881530686
962.8914591851951
962.1478688780237
961.290183009776
964.0869239764748
963.1828410281772
961.5087078135535
961.5745187561782
961.7723646246692
963.2768601289156
964.034973961062
961.4904352056736
957.9092017458611
961.6781593652404
961.6582674597059
958.8534584744739
958.2047382728944
958.2447719287916
957.7655672811298
956.1257534476167
957.6618588273897
957.2959423666967
955.9651088766548
957.0098134983978
956.8993308638362
956.5381508670412
954.0537597878365
951.8489495245611
955.5031545404715
952.5366616424674
953.1065672556387
948.3476062358019
949.6250597953513
950.7473246982566
952.3388052125342
951.325410823844
948.8537184499095
947.0578623987604
950.3657542022373
953.3460314121917
953.7331745675359
951.1041466064584
948.6737397349234
950.4614194785704
950.2051130375584
950.7012335099644
949.5872650928428
947.935855509053
946.0112601540302
947.9435239617145
945.393596027093
944.6731092655556
942.9936042755988
942.6956518496136
944.4992222457666
944.179646397915
941.8717416857775
942.8608669058984
943.4046151857137
941.3127926333862
942.3561836597055
941.1355769555175
938.6281315428042
940.9132382930445
939.3666595294682
939.6762996567891
935.6174159406338
934.375113737057
937.420118167383
936.8377558680264
939.1363130224814
934.5565772487566
936.0246959337364
938.2499325001247
935.582363905976
936.1698620558927
932.738869752654
933.2486322004949
931.5312312755786
932.8076384003847
932.0625253657627
929.619025335147
927.257691803581
928.8041193366896
929.7415335735188
929.6315881058215
927.3435608807397
927.6095589418857
929.0200388791361
929.3403148174336
929.2497749289289
929.1860883092788
928.3063267770684
927.5431532050171
930.0407742237422
928.8652922508853
926.8559265210622
925.0086022093008
924.0362513613768
925.4689855666916
923.3656347030777
921.2465804365391
920.1084883614128
920.9682066943384
922.7405023433688
920.2184151989163
921.1631254317975
919.802593764319
918.7073086836447
919.0616779319348
918.994215142746
916.5668289719052
916.9078326261917
916.3084062331878
916.7901899966255
915.9094260583543
915.0140808439178
911.9057588660651
912.3691363568048
914.2826102420782
912.8960864215047
912.1126955972618
912.3772241605726
912.6887444541985
911.5192620234188
910.5294608099367
908.5513371092522
908.0761847062366
906.8126436199498
908.2051158803308
905.5330464377372
903.8145589697182
903.2918114249791
905.8333525452488
904.6779027860265
902.2037891245259
904.0896330412767
901.418393151052
903.1938923739738
904.0140725537423
905.1295733860035
903.064771893464
903.6012083871105
904.3819976790202
903.9647824586704
901.9433669948932
900.642044040039
899.4528721938553
897.4762438503192
899.5014376588958
896.9413990288052
895.8312063966684
894.1153092487316
895.7495007492469
894.5463959153975
894.2104026401058
893.8346988355707
894.1528217865305
893.9826650012868
892.995085641
892.383144194705
890.9406875925939
889.7468284759922
890.6776612960429
889.2106137689685
887.9324738850637
886.8786244251488
885.5891579197299
887.1960482279195
887.8173546650248
884.522831481289
883.1684797529439
882.4549188024391
881.6543726450152
883.4857547308176
883.1969896136148
882.6607884351564
880.1891507988494
881.3545880298632
881.8453452951779
878.4632308984467
876.7189304372396
875.4692663777297
873.8216292427917
874.5850350007528
876.94128531491
874.1071152608835
872.1454050641215
875.730199910452
875.9766437894697
877.4503891040088
875.5036071836837
873.0207140363941
874.6444598759768
874.4751129971373
874.1567879152108
871.4239335747546
871.0821816219166
867.450959990581
869.2827411491421
867.3489673043766
864.614349972767
866.2804452946
866.2056763796263
868.1576758807532
863.9185201111678
864.468876001494
863.7231633375839
863.5951411971278
863.8604205612174
864.3790609555318
861.0417070138346
858.8550937597071
859.8257811411153
861.8423182783888
857.7931476686035
855.875739037214
856.5390497407794
856.3855258933112
859.2149831585539
853.1300503623394
854.0174403771833
852.0341229334173
853.3664076249646
853.6254135869209
852.3772737611538
851.5063338520571
849.9738050719749
850.7086890822261
848.5409865343605
849.5973158021236
846.538877809225
844.6011170526895
845.6890062405407
844.8328442942405
843.4807450402388
842.0255141855254
841.7309164164002
844.2159569002282
843.5371575047061
845.1620831554814
843.213809084933
845.2999898845677
842.2408653384808
844.0093814714493
843.4319982443217
838.6626527743748
837.9057157565591
837.6258716753207
836.8930067043841
837.2685687221881
833.210155368692
833.596661327262
834.188705425633
835.2268044140525
834.1096998801409
832.2412019113627
830.5062771114635
831.5848378834586
830.7722973430966
827.8942086761889
827.8581456572857
826.7974685557962
826.0516246658615
826.3023776363698
826.0877733453391
822.6750459544812
823.5933917254653
824.6109552599257
821.5439893566253
823.4079178359427
821.2307464177561
820.8877696374784
820.6008673988432
821.6189773048932
817.1976074160272
817.320168653462
815.2901873934285
814.7789382376211
813.7847638896346
813.5189677316396
809.9194045089864
808.715833061033
810.2453405333956
810.6297970198749
808.678424722405
809.6169797455774
807.1938120216035
807.3951669039615
810.4747486377495
810.3687124265804
809.2792137229208
807.3043010409641
809.0784171974202
807.5325172413646
806.5070083223196
803.5967224459383
802.2597853566689
804.0252511465316
801.7881077106118
799.7917820293345
799.0211223895271
796.5490201182091
797.4830857374051
797.6392355443727
797.1598656092175
795.8914041167651
793.0903781062111
794.578411438162
796.7263710754617
793.9421580545494
793.7228166139314
789.7268956548361
791.3519102398722
789.9118482267436
788.7354605570476
787.2485457601864
785.4503998878289
784.432058202155
785.4731485275641
784.9618968171627
783.3389686634024
782.2132196953926
781.68446975191
782.6308782035675
781.3772646821665
778.894054530174
777.6152629633426
777.775400004377
776.4658885355168
773.6128365057887
774.6505641879515
769.5705502145253
770.8135356551819
771.3583761898054
771.2145568527854
770.476947847686
768.7613948962547
770.1356587660246
770.9420106213302
771.0871846336488
769.6612910996339
767.4469019337756
768.5633716166002
770.6959157957334
766.1357095804794
766.133496275944
763.2554393054473
763.7325113302904
761.658453686073
760.3383255754438
760.6329870996959
756.6273112310689
757.9801361523187
756.6270556155179
756.8759776303339
755.5506155509614
754.3549193732226
755.9795075742041
754.9982979163359
754.9511905501655
752.8579001685694
748.8434965560895
749.5056317131884
750.3093797125982
748.0901771576935
745.0436488088309
745.2306652770181
747.2515851676144
746.6476967912117
742.941256670363
742.1445685980484
740.684056045826
743.075417061937
740.9954518128918
740.407234575843
737.8980268823101
737.1032510093178
735.4672486330362
735.9634643273978
734.0196743128558
732.2534231496376
729.6127742101178
731.1421883147201
731.3828067409839
733.0462860567238
731.6260772601896
728.074300606879
730.5310704041517
729.1822962248701
729.6724188639794
728.1461249479869
726.7897303896526
725.6777151636147
728.3284236519676
724.0443960280661
722.7724937114633
721.0723857068368
722.3380244924574
722.8769488661078
719.88247452168
716.8770279835337
716.561580013814
715.6407972046503
714.6580675223821
713.5513456972997
713.7371953895847
710.2124508201485
712.8237820808458
713.0798044865487
711.2233197236475
708.4238137256211
705.5085831695981
706.4330541758508
707.9657489184403
704.0816886722961
701.235519145372
701.6822287845164
702.566837560861
701.9555705222572
699.9866685929178
698.0138428232885
697.8664314029259
697.4453495630324
697.3721317312101
695.4536384249674
693.6345736350925
692.443732865001
691.5060821139629
691.1501290790085
687.8157452899441
686.7292334402729
686.3448449163088
685.6937733994735
685.535365113174
684.2190028241237
681.9204702254768
683.065593399719
682.9109990421423
684.3915389982815
685.1400287554465
681.23021715711
681.3135592842351
681.0997888578174
680.9272176033078
681.7083354000936
677.0138372989766
674.7542985513826
675.3911824760587
675.62265539905
672.2139538719774
669.9876666576577
671.8410095259641
669.153532756326
669.9095292894395
669.0715665707404
666.9855609682934
667.5651189898596
664.6122432190678
664.7987771868073
664.880736513567
662.0129477093108
662.0112110045707
657.2360542339289
660.7252701333018
658.3621040863718
656.9687344755098
653.5684739343245
654.1615754778677
654.435430231267
656.1899954428286
651.5628658359558
650.0171044021265
650.9112180059636
649.0104442541242
650.4337333026264
646.7600764550846
645.6100380849409
642.9058858883367
643.5331426918584
641.9424804924249
639.4736007943487
639.0539039381011
639.1369046833202
637.2824308476439
637.5471812992273
635.8974099222793
636.2674894353927
638.24421362088
637.871195608833
638.1966553414577
635.5496586441159
634.0486898715992
634.9753412856583
635.1392802025513
630.6695602835848
630.4188268775829
627.4259049259658
626.5198051353055
628.7186060537945
626.8520486088186
621.9533500862462
619.8315809457015
620.6535794889556
622.3080806361554
621.324740750465
618.8963080336721
615.7498127785655
617.753445276723
616.4551960513664
616.1494877737188
612.7784290416434
611.7607076633963
611.4698508930811
610.3874570865024
610.245701254209
608.134111476613
606.8176063118099
604.5451836617403
606.1627100523674
604.3764307570202
603.8033551144603
602.042688472354
602.0180976372078
601.4092115806006
600.8774256974968
598.964040213667
597.8251868347904
596.0026763001396
595.4186782416896
592.9677345179934
591.9021508612481
588.1626335736275
590.7595014260249
589.8126133938291
589.1449933642402
587.5095696145402
587.1009177539431
585.9707399514616
585.9210302414507
587.142777772641
584.5344439028055
583.9573395899952
583.6858415942874
584.6688559909378
583.0394460475948
579.1136268950373
579.0533444161518
577.9860130820697
576.3192332479415
576.8570738993175
574.0171203452372
573.0159853850143
572.2608995903147
571.5250378130761
569.2105261504431
569.0389655063051
567.8147587794009
566.6025453263879
566.7523180624802
565.0857082043846
562.343042592835
563.0290120083174
561.5690576041189
561.2589189060752
559.9809371146075
557.3381258790979
556.7682180498922
555.1259319892906
555.2111503810326
555.3113693610796
552.1270754555554
550.7697470364727
551.6355655452247
551.8284712443358
547.6473711143426
546.6963794975092
545.4804315999814
543.5641009806126
544.055771875472
542.3604443077379
539.9014659417772
539.374147398235
539.3518140305606
539.3487664601134
536.8149159894717
534.7510875076223
536.8401706443863
536.6655325741503
536.7558375573429
535.8386786222597
533.6690749743751
530.1521578014815
533.0278161169763
531.8289645958696
531.650476840597
528.3294976280841
527.6936537916738
525.409632082558
527.0089645387689
523.8437961585045
520.7992861936319
521.3578363547988
518.9982958767777
519.2334811734303
517.5266408940372
513.7289462063367
515.4384991110514
516.3692705635502
515.7634436239108
512.1070781299327
511.8111733696987
509.3683207723168
508.0565349893464
509.24834714193213
507.9776985660852
505.2658311158229
503.38236466413457
501.4209840602277
503.2757502394877
501.9163913884461
499.5854678838937
497.81774046523503
497.6187948597698
496.54126429737937
498.60332063466666
494.47601197144957
491.9049728319702
491.1395660569769
491.6494306197072
490.6729782173637
486.51832199029286
485.43999631665986
484.68721719059283
484.6431244301544
482.3557687230826
479.96840479958985
481.5725121561976
482.6915404975679
481.48509600242846
482.5433790695332
480.02072630416217
477.608142979953
479.0916061609399
478.3832150578123
478.9628817067237
473.3899580510286
473.6724276924182
473.2059588801159
471.84677133342217
471.387045126711
467.65819585772573
465.9117198369677
465.58111186238233
464.7685819402762
465.00022490263086
462.92354953058856
462.84249034059854
461.8755525944394
460.90489217548134
459.1474381446325
457.67385945977946
456.38222032867907
453.3014562150545
453.49636472965665
452.0723509028494
450.24239843496406
449.2991214962369
449.1519440608498
449.790704086505
447.56221437602863
445.2221829528482
444.8256571405421
444.5938464418093
444.2789015299169
445.2037560399268
439.1208307786525
439.6770533218549
438.5377442213767
436.7650017820373
435.8797102095418
431.8963129555471
430.66394076591155
431.2496172292184
431.5079342445753
429.99639782343934
427.2170500048815
426.6180095753195
429.0136524072124
431.13241053826164
426.00053642591405
426.37207481066275
425.9401181900709
424.06405796829375
422.49720376065585
421.7305450432585
419.21944487533517
418.1202379484937
415.32777680384316
416.73856566622993
414.50226998586845
412.84248706453275
410.63746958972655
410.5944687997664
409.67357682622884
408.66127278851457
407.60040739794766
405.6403939566278
405.8015037677008
404.8544380456237
403.9348737616716
402.0179985613341
400.0436526841841
399.2940908817382
398.518995589288
397.0746958521673
394.1236941483938
392.32693392844885
394.0937729907717
393.61815475737495
390.8296587658437
389.4200012446842
388.8851205265498
387.2782014922682
389.165292116849
387.278860191475
382.12355750497795
379.70395022627235
381.7691176759732
380.13321769245937
377.7448811630844
375.7011696368572
375.0349797989797
373.22238946196677
374.51058484115475
371.62520296607556
370.6912060171826
369.17774857044935
369.98502797085274
370.91244321233734
368.40657400259414
369.4341709004577
365.84606847263836
366.84912637493585
366.2019487959578
364.9965425534716
363.8570883912436
361.05318577541993
359.10992534247816
359.3244457831065
356.7516571934674
354.59309319168494
352.9842272476048
351.00133135169267
352.4095588718444
351.0193413356863
347.4585940448993
347.06423912300147
347.6144284517091
345.9469746976952
346.7361170278603
341.3532431763267
342.0539854826391
340.69149432349565
341.45196655195275
336.4162721277243
336.2568577009848
336.1911563689648
332.88452028978907
334.99259159124995
332.28156356070537
329.35940132936736
328.8598490827872
329.70662248134335
330.40710242893647
326.60482863552977
324.181829019166
324.1944786121608
323.6575756318902
320.73599745620464
318.9199710251114
315.89554626972034
314.4611130321437
316.1589421869219
313.9651314242031
311.39336787318774
310.7121119138861
309.867147453322
312.3689059629192
311.4352299087435
311.16770373681186
308.729412465851
306.57940868236454
306.74365966209905
306.5288390840824
304.72699744239964
302.71346082925515
299.21528848131135
297.4279675699737
299.9509810161427
294.8960881780061
292.65526702248627
289.8190627927329
292.3862586372101
292.53678795375646
290.6195030216013
288.64770772726393
287.83593414942203
287.5540590232927
286.9828898445064
284.2171477272895
282.42704077684726
279.6618303902217
280.16261430557853
278.8834563159251
276.5266541066516
275.33057874313835
272.6590540880922
275.1655475844754
273.9734739708889
274.4330613662367
270.31683063080294
267.5386282938629
268.04698394696345
270.5748950070031
265.1672787007319
263.3412440992516
262.0701779163825
263.0175727404073
259.8438586962625
258.4351100228304
255.1542250941692
253.45441550618375
253.1770538915857
253.82649566665594
251.6213123203392
247.64427613606838
250.2693626205519
249.79453918955824
249.04647984862433
251.7480554379272
246.69516278995633
246.8136926357789
245.21623010377752
244.73420971197368
244.0823320611037
239.88133837564257
240.2447435841562
240.04357958180336
237.35163825066192
236.8774029909068
231.92701681990562
228.7390627023514
229.24976038664653
230.1873888739061
230.3964872491478
224.84838777859136
224.4596062572811
224.26195857373662
224.76906143133226
222.41008977063439
221.53125387951792
219.75273544576717
220.07136496821934
217.58283856976175
216.7729680939657
214.87100174422747
211.72197361935318
212.40403122998654
209.9551532972547
211.9296855651118
207.76923692927926
208.41073394586735
208.21542378334397
204.5016747589081
205.53214212224162
200.31761879093108
199.59670988985624
199.8442029000648
198.33239829215742
195.63496092103833
193.11706788004759
190.60779361895285
192.96257421382515
190.83022075793798
189.13735544561106
188.79584959832235
186.1739113998406
187.3675647442475
187.52755249342835
186.0852582838248
185.34939106150935
182.65985756329772
181.8125610370011
182.64473287470597
182.4669596572978
179.97596834560937
177.39894221040606
174.94073796411124
174.9326384117447
173.63107319497223
171.18882814184033
168.76054649972164
169.0669036821109
167.56257113770093
167.3498438858641
164.85871544686907
162.6117904538873
162.4138583500324
161.45816460637002
161.41902429830702
158.89851487936414
156.1311613980748
154.53981575196167
155.50595069533688
155.05305519419787
149.98020955892179
149.8967062510681
149.97908407936947
148.60301387821468
146.64700220441537
145.02308166534527
144.5943704042745
143.27361711129078
143.51039381245172
141.97946848867107
140.79434617571084
134.8243346617676
135.54887188445943
134.33221183435654
135.12280329580597
130.81699947634903
128.55831786298998
129.0233808047347
128.775844016946
126.00619499625574
127.06199141745817
123.70559224561167
125.57747935828738
123.83940603262793
125.16023306518673
123.3584881341034
121.20193009030305
121.43055593581835
120.17115595775525
120.89844533300257
115.3578750500978
114.03129293470928
111.75936233644845
113.03191254982266
111.32056716533314
108.86557026015781
106.02610863459049
106.84363630182084
106.04514135111242
103.41437065697775
101.83248657970775
101.71161605877559
99.86730580802188
100.57004727076614
97.95380493162243
96.62481051792204
92.35171538587699
93.82282649016574
92.08222957757673
92.04045509693583
90.55492346532144
86.68053139572831
86.60761012789102
85.36853267110725
85.07320698922035
84.6645829149799
81.11718124435147
81.355188318417
82.07512627924616
79.35521201840797
76.6922702402163
73.68265282580379
73.12258808795127
73.46589304848385
70.79698318616673
68.63750705899699
67.91448492261114
66.95686185641699
65.11187426883727
64.48956765652571
63.121973500122195
61.60846314479411
61.17519836955296
63.51459601288469
60.3903665378143
58.64834932605994
59.67240003227559
61.11766092673931
58.64018012146568
57.85699449355944
55.33154427723183
51.71332239891478
50.91200607885234
49.531772253790194
48.72091804406537
44.35038032374674
44.4602554735323
42.81997618566014
43.99579094463508
41.985425106860106
39.49590687312041
37.3253026653721
37.79413604849267
39.234264134713236
37.7225200446055
33.46593897280107
30.86387510720326
30.170791643305925
31.141485319984483
28.405751281903548
24.821225724614138
23.96103264791901
22.962480022384394
24.093297912867452
22.337420816362197
21.694463278079507
20.39032590361441
21.324737874055316
19.000117184953638
17.976870962507803
14.620284545678807
11.330541592979227
14.262315439180703
10.58773103196638
7.704465741321468
6.112524314797261
4.948491347479964
2.9389673418219378
3.73014942769162
2.413047525752585
0.4437222416267542
-2.307262884422929
-0.4066466801729167
0.7079813154207268
-1.5426856840119068
-2.3348922705922854
-2.2698216901704598
-4.799266795441661
-2.590805083982783
-4.205025150616692
-8.952397804222592
-11.437908142324273
-10.965313575294369
-12.977714413101433
-14.416137252451634
-17.14453325619304
-18.053517911862535
-18.624638030065967
-18.70411176021989
-18.37329602122438
-23.2362468331101
-23.982651462807425
-25.30257020435449
-25.266212605856214
-26.96928845153889
-30.647540752842506
-30.49683798137845
-31.24874776441522
-32.680361577424975
-31.78064361972592
-36.94821070278833
-37.4933794463946
-36.826720432785876
-37.49879297203729
-39.726977633574165
-40.434422234252814
-44.28224087219473
-43.22178134570042
-43.508024759710956
-46.299791722346676
-47.83288663243409
-50.30794796763653
-50.69408122832552
-49.97982967244311
-53.759286482836664
-56.22384512628682
-58.12117875501543
-58.432698855527406
-57.114562084132295
-58.23910059376286
-63.458927627265936
-63.03290468546747
-60.10336173482664
-62.54739584934207
-65.08198789089988
-64.84067972161787
-68.34154584724504
-66.08021097446026
-66.58293475678663
-68.86940104207513
-69.76503674147456
-73.68030156661166
-72.09819621187219
-75.91815415723983
-76.32834814388
-80.35970783954656
-81.31644467205682
-81.38794912423306
-82.08926295066858
-83.27607627596042
-85.36907560875143
-86.01863160474909
-86.52117723983731
-88.17824375945257
-88.84190520362286
-90.41327253253884
-93.68943301920555
-92.27535562588145
-93.45185355297751
-95.53081211862295
-97.40821449937678
-99.35330948735617
-101.98745413547431
-101.13051392667863
-101.64382313868403
-104.56186128766566
-106.19556335576911
-106.83058082744323
-106.45037428906859
-107.39072252474553
-110.5976542403106
-111.52193616010517
-112.0893675310604
-114.77336655269224
-117.71348938081793
-118.18947624497864
-120.74729456193305
-120.24870219109535
-122.43659747226069
-123.50864354471423
-124.70045189196868
-125.50880910981145
-125.5567598053592
-123.8050125598718
-126.85845832807433
-126.09227909673437
-127.28143594718149
-129.63448688775426
-128.26308706229432
-130.1807912940678
-132.00813813192116
-135.9213534335014
-136.0916049108083
-137.38278580181623
-138.7632509423266
-140.72211521630808
-143.38119484269825
-143.49122127141902
-144.18207046916154
-144.6616132217334
-148.16293310126207
-148.49794994820257
-150.35420582472386
-151.09251788027487
-151.36881442320973
-153.9634448623015
-155.54398386969007
-156.71287481589675
-157.35291522377932
-160.58736420807787
-162.26894173749284
-162.77317164445603
-161.92514497272637
-162.39356294260574
-163.74300548110133
-165.72412475620348
-169.1726545123753
-167.62532750624493
-168.40134412492412
-170.63684345038362
-171.7836366459794
-176.35457129389485
-176.316010144992
-176.0204228478588
-177.5259545507217
-180.7704044786626
-185.869960148459
-184.34057549419842
-185.1296850760573
-184.40065596470254
-186.90179894500844
-186.40975269497216
-186.87484391339584
-185.84326204618785
-188.62408476388694
-191.4828799514741
-190.50215479877755
-193.4245178247279
-192.6608274414859
-193.07384078582413
-196.72382038571433
-196.07913588458968
-196.5562730861804
-199.2858945418774
-200.87545610244104
-205.36419472482154
-205.53695782436895
-206.29377274030068
-207.9814353882806
-207.34612967062034
-208.1375243424384
-213.4688441529079
-213.55257806678765
-211.82176219230237
-215.09636438871783
-217.04031850959902
-216.37101966342365
-217.9122515067704
-219.68735625970282
-221.48288832268545
-224.42422855867244
-225.18091392229437
-224.09319757994896
-225.67353610414088
-227.9914284701198
-228.03699387829548
-230.8894956910927
-230.29157267923304
-231.04194087322568
-233.50903219767213
-235.6262728770013
-237.85941355784658
-238.06941307761957
-240.16424733451285
-239.82353969539662
-244.2821354340433
-244.5261471717639
-245.59681256580362
-246.43831149852411
-247.0355906809525
-249.89323266943143
-249.05581220513375
-250.67211477576342
-250.1387416282556
-249.79843589527974
-251.54583638141878
-251.7899001110378
-252.54948244692892
-254.22381952568443
-254.9394205041888
-258.97238131404384
-259.8114155584696
-261.2431657527461
-260.5396987762596
-263.7722036550697
-265.43563214004115
-267.5135445678869
-269.0811765566531
-268.6095994801814
-270.00899806112045
-270.9572101014339
-274.02663496501737
-273.21116382734806
-274.23645428097325
-276.3912743607985
-279.6402954848817
-279.94425337653706
-280.75626323929373
-280.60363591712013
-282.45386924630134
-285.1279270285171
-287.6673777116954
-286.08280189805953
-286.9896525621552
-288.6270258366001
-289.8908831711501
-290.22365021604537
-291.8387749725182
-292.6570631762849
-294.84889601247136
-297.83740746418505
-299.4814083505398
-301.8085215618541
-299.3438899457668
-300.224364364298
-304.12689821489096
-307.5849309475106
-306.95022101948564
-306.6699600322408
-308.7155256009741
-309.1134521002973
-311.6062278478485
-310.31701814770105
-310.3918399509371
-310.6554013526846
-311.8917883183408
-313.37253209911694
-313.082108928235
-315.0873288778273
-316.9496195436857
-318.8261486849995
-321.9946648253696
-321.57531674681695
-323.40729201523163
-324.6885303771006
-325.6163383331591
-329.51268999166297
-330.02689177361714
-328.62788425647386
-330.5115736085118
-334.88705660533356
-335.71159196871986
-334.8591290339899
-334.9156303808968
-335.7677468218367
-339.652766349958
-342.0795118609387
-338.613717553902
-340.4046067545038
-344.1661338995453
-344.56804825343187
-346.52380481244995
-346.8012627049683
-347.20184407805516
-347.9456741702485
-350.3693459619039
-354.14831924474385
-353.40853925532764
-353.01510856828
-351.58428715829353
-355.88901137110514
-357.96152459026956
-359.0645884907945
-360.3488037873588
-361.9914543404069
-365.44633314373266
-366.6333811829669
-367.886203374724
-366.65128222104187
-367.49871861030294
-369.7975477321336
-372.3783997300351
-369.7914255484527
-369.2356844147789
-369.34661401089943
-372.811198966589
-375.10931714432354
-374.36674686309794
-374.2178668319493
-375.04662164289226
-377.51652312269965
-380.47992013669347
-380.6082860344713
-383.0784181785357
-383.80108819409145
-385.45510851136515
-389.4614101716037
-389.2650598659582
-386.66296959210877
-387.7399466287712
-391.5767248478749
-393.35372564784336
-394.09516144787256
-391.8833040552644
-394.25269222588497
-396.22317432909955
-398.8058158444438
-400.4312117824903
-398.9830224442294
-402.11358647997093
-403.1513360804763
-406.5326234302603
-404.7739468149202
-405.20110247272254
-407.1030945668486
-408.45110504118026
-409.46079926913603
-411.5303240461836
-410.1964564114359
-412.24694775357085
-413.2258204915511
-418.4936232629793
-416.8509099810114
-419.89032278180616
-417.6495336809402
-424.0024376483489
-423.4057856673554
-422.6798066640834
-423.60954921927834
-426.1743630552946
-427.5136327687051
-427.4331511578449
-425.75222810849635
-426.57490298362114
-429.21891429557724
-429.48260246741586
-430.12795349278485
-430.64988189218275
-431.8163062993435
-432.21744968880705
-434.71901501546427
-437.31319783336335
-438.2425328843722
-436.9414548990329
-439.74321216025965
-443.03069873516426
-443.32004967896785
-444.8224279960851
-444.7895955542985
-446.6607284298335
-449.26110388316283
-450.02506410621424
-448.748876724542
-447.4030308429717
-451.24931248533807
-452.94668129543743
-454.64458619483923
-454.1085624107239
-456.3104406789973
-457.6520232174842
-460.76601539322246
-461.0759647167093
-460.1086705162623
-463.6272154194105
-462.9927150230097
-464.79681672506666
-465.5875929486123
-465.8093183541666
-466.11597449415206
-469.57494310323136
-469.5929572511236
-472.41689159216116
-471.4613227504523
-472.0380445172332
-474.02928771306273
-479.75321082622077
-480.4245961625139
-478.12053531181573
-479.5399656515622
-479.07792683811397
-482.34649008110387
-482.3212763869336
-481.34610709380564
-481.06167325705866
-484.61147619478527
-484.1227959406233
-485.5182404856604
-485.32704824668224
-486.7346994331261
-488.51164909022697
-489.77077346075265
-491.22714689118595
-492.84358950900094
-491.88850332224365
-495.6997505078694
-496.1793021145054
-499.23213365784187
-498.92937267215615
-499.2833767894806
-500.52689110441156
-500.77291847238627
-504.28862692944784
-502.82337271577114
-504.4585248324724
-504.66860633467894
-507.24056713495884
-507.1354022693184
-508.2046480991163
-508.89667545718595
-510.00375994549194
-513.5890137743177
-516.3719035786168
-517.0383588716287
-514.1383957715611
-516.1944687114426
-519.2228847347536
-519.2457548575048
-521.1545926878907
-518.7813204115173
-522.2539794599237
-522.8646064966813
-524.5491012067104
-527.0765443320455
-526.8071229180613
-529.2483922471703
-530.7020169891256
-531.9585045301145
-532.9931071365955
-531.0781361036264
-533.8810887717794
-534.7048096705779
-537.0540572145077
-535.4774842873009
-534.2260423543651
-535.2066497256884
-538.232753785854
-539.5885623743161
-536.9522770488319
-536.755923817823
-541.0684780821224
-543.4789277436231
-544.8519446448685
-546.0988146260379
-544.3346455361701
-547.7886077164553
-548.065837006051
-550.3230591405503
-550.7604822201496
-550.756257054152
-552.9801147986484
-553.0524515708603
-557.2156134023211
-555.8190575686602
-556.2224656123299
-557.6823235020742
-560.5204412721516
-561.1110483699248
-561.0596359572537
-561.3983284588131
-563.5467908530277
-564.0863981275309
-567.2356868769892
-565.7642407720879
-567.1440648841572
-569.21430150062
-568.6770910175344
-572.7402281129073
-572.1405211393227
-570.7619795825743
-572.1901539423624
-575.7846516362517
-578.4743033624004
-577.3284054543955
-580.0515609785394
-580.044434614614
-582.8386774895152
-584.6423575604063
-584.7136631099413
-584.023729103388
-586.0090339992444
-587.8320786541107
-585.3494145085381
-586.2889285034825
-585.9955780538759
-585.0991069982912
-587.9146717690198
-590.984659591567
-588.2819908311008
-590.037028244761
-591.3455438647113
-594.693341195813
-593.7810717596188
-595.3392795731171
-598.4808698534657
-597.8127261528884
-601.4935570136298
-600.842283789469
-601.2611100035542
-601.0126837734131
-604.0520611322498
-606.4052952628775
-605.4320225850498
-605.913726677806
-605.7328002557763
-607.2164353360901
-610.4379434037986
-608.7961578500289
-611.1286551331466
-611.833686079984
-613.8704171974066
-617.6667816803831
-619.4203940810722
-615.7637239075724
-616.4604190592858
-618.091645849132
-619.754509996747
-621.3776507636051
-621.6977219897844
-621.8284717788731
-622.7752678189624
-625.5708694431869
-628.482275002463
-627.796941330722
-627.0267612207736
-629.9461474503582
-631.7579899416841
-634.3674606231856
-634.0781776779488
-635.1248115591744
-635.9310162962032
-637.2520943203872
-637.1702583051432
-634.3843021611486
-634.4894532737421
-635.9805097266634
-636.4152344331858
-639.1139274537276
-639.593711418267
-638.4384419480779
-640.0835397424634
-642.1621132538617
-643.5817958428883
-645.314480222769
-645.3704094263172
-646.7753909786555
-648.3323786657987
-648.7532063421598
-648.5578147634426
-650.97167562429
-651.5510607451654
-652.1366624800736
-653.968390506233
-653.6339469858837
-656.22279358922
-654.9774317854677
-658.7823258016958
-659.7462290447311
-660.995603403206
-659.2047229604561
-662.2479163384648
-663.3763279810097
-665.6456717271187
-665.1837428438962
-664.8074780976501
-665.7812540298617
-669.9209431636939
-668.8931351276614
-671.1284798676995
-669.5426086331145
-670.4258708148316
-674.1488784892471
-674.8483855221733
-675.9272818625738
-676.3259957067395
-678.7008005097613
-678.6364476502426
-681.0073646392493
-681.6929676085351
-680.8498527851691
-681.2716663808806
-683.4270116791072
-686.3594077440284
-683.1589503290263
-683.2682604982671
-682.1235789982186
-685.9001238003602
-686.3434101412215
-685.2704596591618
-687.6072240172828
-687.7109894284437
-689.0781177226385
-691.389812111366
-691.3056294023467
-692.1800764917117
-694.6543267719297
-696.3645313616448
-697.5940475183241
-698.1575873520102
-698.214677986647
-698.0869850812293
-700.0295512643056
-701.8881619042719
-701.4714307187855
-700.7753242987873
-701.6852687882994
-704.6007370923095
-704.7907476314462
-706.595016345995
-705.0150132697341
-708.5585789506177
-709.9414271520603
-711.7554395707124
-711.4500306059015
-709.6434076193497
-712.0306276994712
-715.5118482286472
-713.9358178821843
-714.7580311749076
-715.738800610086
-716.0950548171581
-718.4270309107769
-719.4395726245784
-719.0200741984887
-720.0178059832884
-722.3960874571226
-725.5689431653859
-726.6023208137688
-727.9912606267828
-725.909996376572
-726.3513264404996
-729.0619679507977
-729.7734609779467
-729.937059411878
-727.3368407668
-728.0733593310823
-729.3158570045684
-732.4352170896201
-730.0955489081721
-730.8485421543354
-731.6698727375002
-735.7943713549827
-737.182466850548
-736.2949010374707
-738.0374437275198
-737.0570987016322
-740.5550246631001
-742.880863909091
-742.3279797228158
-742.0114904499944
-741.2693689848561
-746.6796669288317
-746.0166915093861
-745.3356546147961
-745.1308996943721
-747.0124803187048
-749.1399239425465
-750.166985469394
-749.9379258326879
-750.261702673408
-752.419448241774
-756.0398627361471
-755.0429405712588
-753.7091842818702
-754.9194311685912
-757.3395012229558
-756.2236093998682
-759.7801056850386
-757.8079375667226
-758.2003837437575
-758.4872320363777
-760.3331905781748
-760.955946323304
-763.7322990129859
-764.6591827221562
-765.003071749165
-766.5614855258684
-768.3883872825486
-767.4422556458758
-767.9721543197984
-771.365093095277
-769.1570973532837
-770.6430093302538
-770.0249602015203
-766.8730806489453
-769.8714773536606
-771.4201619316278
-771.992070314015
-769.9773765513221
-772.31446534544
-773.1608809009443
-776.5256013945278
-776.9947741671855
-777.0188072749795
-776.8516327726902
-778.3315022211352
-782.4681079891562
-783.6241156011874
-783.2200668182796
-782.03080270482
-784.1840185416439
-784.1621578488866
-784.5389197741101
-785.4455981199841
-784.9828426867914
-785.3783612984561
-788.7463007764987
-789.0487380472642
-789.240584718836
-789.4350913147074
-791.0561194419888
-793.6299249715745
-795.8712670698653
-795.4162054071114
-796.443934380724
-793.4453630501098
-797.1909705239901
-796.7325395717971
-798.095362298548
-798.4983775183312
-799.1630202123584
-801.0030587402098
-801.8374180453881
-803.121436180973
-801.8956392027968
-803.9379940795875
-805.2227741746308
-808.2099344396938
-808.0419995008721
-806.1368974376637
-807.4956103124579
-809.3469566379171
-810.0064813352233
-807.9598734941138
-808.104726929316
-809.9242551917957
-807.5077420381414
-811.8104189471188
-807.5687126681538
-808.6712685349254
-811.594022287035
-813.7618518011243
-814.2011710893287
-818.1360423886107
-816.8077196927071
-817.4686220251575
-819.4436990581256
-821.5870661363557
-820.9250976773966
-819.2066068188218
-821.335756020229
-822.9715545070744
-822.3893276829638
-821.5715407062123
-820.8185400983053
-821.4831303916059
-827.225375653183
-827.1357547670134
-828.0556946636755
-828.7762408092008
-827.7467078612494
-832.4567009412538
-831.3633024812259
-830.6116739863991
-829.9011059035946
-830.9228862083044
-831.7631003958485
-832.4384042427134
-835.1262122134623
-832.7856520222965
-834.6446849935523
-837.3317475002104
-838.7745236425754
-838.6130524696878
-838.8807335812779
-840.9758725407145
-842.7019735307136
-842.2198151179075
-844.6656818346365
-843.3425254920987
-844.2020278181706
-845.0308748502969
-845.2223162182213
-843.5948499004721
-843.6834415824925
-842.2238164585999
-844.9057070149817
-844.0923010153151
-844.5325237033488
-844.9471592989845
-844.7942538995615
-847.0774460547668
-848.7939695176167
-848.8370224886353
-852.2921157360433
-849.9596694873364
-854.0296958264851
-854.0227759639964
-851.9629299321718
-853.5122114169415
-853.8443815157112
-855.566116520449
-855.3841152021531
-855.6082327504419
-855.3020025720481
-856.8383931988682
-859.318532897148
-860.8744357136599
-860.8565224779284
-860.7446562793679
-862.1869118193292
-862.5140073362801
-863.9900768775052
-865.0559614957895
-864.4390469837539
-864.4830480047317
-866.0726644237174
-866.0168247797662
-865.5721324910527
-865.9378918654462
-865.3093602161314
-868.2609538390581
-874.5284133403323
-870.3707336597247
-870.7032302268191
-871.7896656160292
-873.9679966320392
-875.1586438355343
-876.048285626549
-875.0645390356016
-875.0113204069152
-876.4427162758145
-875.7640451315314
-875.1952358029968
-875.8729660854347
-873.8834382897037
-875.516595850074
-875.6926652777053
-873.7982137365634
-873.4522697789389
-877.0762061843961
-881.2242294042874
-881.6813827685679
-879.7708126816165
-881.1702038413677
-882.7222419144459
-883.055031099824
-883.7248640084815
-884.3454374816719
-883.4357632875733
-885.6072139258307
-886.1393322913791
-887.363983420976
-885.6537256279286
-885.322605801897
-885.0992208644261
-889.6558887714863
-889.4630808074565
-890.3526901217588
-890.2941534574175
-890.4490817055001
-892.1640560341233
-893.5043267664531
-892.6633307054
-893.5049459234509
-892.0121941241549
-894.9432485774048
-896.0494902331262
-894.078148608422
-894.2813926229497
-896.0107863891917
-895.4736227060738
-900.3554310884653
-897.3730047450201
-899.0274493931652
-902.2458417336545
-902.3913429238467
-904.8754333498259
-904.4088656939763
-903.4151933208012
-904.5160781318531
-903.4030913584464
-904.0617820709541
-903.0426344443952
-901.935002335991
-901.1893569879431
-905.3084895216075
-905.0515809822567
-903.3453339166804
-901.2139004573277
-902.8644553357389
-906.4881502218295
-907.3574610608727
-907.4490021566248
-908.9725430009609
-908.3896330909012
-910.867760470789
-911.8042515648257
-912.3545819996806
-909.5717552855833
-911.7972839450068
-914.0577923714584
-912.6203928761606
-912.1706831572554
-913.030601071825
-914.1300224378889
-915.944798343928
-917.8052606607381
-914.8965583338128
-917.0646527985398
-917.6645620100873
-918.6308728100142
-919.1645056800471
-918.0610654254755
-919.9768230318205
-918.7450258498562
-920.6628034159962
-921.9968378272853
-921.5997980008897
-920.9365470822075
-923.6367778689033
-923.3660897549961
-925.2985613567486
-925.7542915898807
-925.6934014721922
-927.5196526612815
-927.2097462259112
-929.3569482916291
-927.7862137787598
-929.4427695747179
-928.8000036801106
-929.952444327733
-930.769120355927
-928.8752751518249
-929.2389369648682
-928.0919793423215
-928.1034145874764
-928.4393261347465
-927.535157853984
-927.7713152114766
-927.9682162132054
-932.2740570427834
-930.2746441031728
-933.9155877318997
-931.9540873014894
-932.0203200566997
-936.7945432995015
-934.1918218232474
-935.5533259558797
-937.1957880469159
-935.4008118927034
-938.3259848653496
-938.0565349137273
-936.8952657556583
-937.613760402058
-937.1103232284006
-937.9489066983732
-938.0814974279447
-940.8355432098531
-938.497798264281
-941.4201106977664
-943.3012974216074
-940.7588129249906
-942.5758229877032
-941.1266189808834
-943.2272262195071
-942.960479061549
-943.5923967664336
-944.6579052852813
-943.5110267239673
-945.2871400914513
-945.844760800604
-948.4587677358741
-945.7652245623344
-948.3951907666666
-947.6678345242551
-948.8454984287991
-951.1995876063564
-951.5435030844294
-949.0153237442478
-950.6444648509664
-952.1608068795911
-952.0156731185882
-950.2862710341457
-951.4688977900233
-948.6249851431467
-951.5345281942396
-948.3654717483352
-948.729236199011
-949.6506099984364
-948.4005986447615
-951.3586415974006
-954.4742134026809
-954.8890415666001
-953.1231181108909
-955.6750819497571
-958.5792623054298
-957.1235808035086
-955.8019789202322
-954.7235408783588
-957.4419163232457
-957.2974593916686
-958.6423413679345
-959.2298274640082
-957.701579003705
-958.6932177345889
-959.3774755211608
-958.872021981834
-961.4572121264866
-961.2096279903635
-960.8108317775551
-961.2778524353805
-964.3765557754928
-963.2384914890021
-961.0137466512579
-962.2024750325959
-961.3639869159956
-965.6209427929106
-964.4586183677351
-963.0331680723074
-964.7494155973234
-966.0366820866636
-968.1562609929737
-966.9358393287715
-965.9036360763776
-966.8293823075314
-969.4682387678558
-969.2039002471844
-968.8501748464216
-969.8717409617173
-971.103278756525
-969.5874671173311
-970.3303881286422
-968.6429559038844
-968.2688431334028
-967.7544818268988
-968.5490820781628
-968.6738388034462
-967.6787851829827
-967.3343088054726
-968.9484236610219
-970.4947269111577
-972.3899269233716
-971.0376660003393
-971.0156104842027
-971.321907618086
-975.0572780970695
-975.2490984801615
-974.172625805476
-974.2637390562983
-973.7781012228519
-975.1944456160057
-975.4845188608807
-973.6635055844475
-973.2737832812817
-975.6025489167229
-975.8816220972458
-976.8315865065501
-976.0387282251711
-977.662172752388
-978.185825190327
-978.4787670277049
-979.9614857992093
-977.8020752753091
-977.8231861375076
-980.6346391042913
-977.9422969360616
-979.2198802281455
-978.1348477114735
-979.6063061614975
-978.8260046960513
-979.7115910438779
-983.7507193030323
-981.1495387758737
-982.6635670245047
-981.0417761999416
-985.4743477523492
-984.7420106952686
-985.1556184533073
-982.2704509122331
-982.8009212844522
-986.0112372406384
-983.7174196495002
-984.3223801598195
-981.6059511495675
-981.4480206268859
-983.4281514488871
-982.6469572904255
-982.858599788411
-982.2762289563605
-982.5304417791331
-985.0527474711214
-984.271165055486
-984.5468698685784
-986.5661083357518
-986.4259098085513
-988.560822709757
-988.4770356599988
-986.8313127951519
-988.395013439933
-986.5090002889472
-986.7322793370973
-989.8159264597839
-987.0298388960365
-988.0268678573996
-987.6307643341293
-989.4207319835696
-988.3888260396321
-989.0512593911583
-989.6472668638116
-990.1759043642369
-992.6295868648066
-993.3415931818568
-991.2571365212466
-990.9017228101566
-990.3079119890784
-991.071623777188
-991.5671088350871
-991.4140515752285
-991.5622310740289
-991.3996415922109
-993.0401964653644
-992.9703217284779
-993.4661389519555
-993.9845240672453
-994.7804766722236
-994.5008083711846
-996.9823308822079
-995.6092015173609
-995.6167122074737
-995.1674186851878
-995.4606636775226
-997.4567986251253
-993.224596330138
-992.2593338653419
-991.0101707182594
-992.3319704183093
-994.542821524857
-991.3236072113402
-990.074296731729
-990.9941245256999
-993.6260425843071
-995.0987006468835
-993.8979227943365
-994.8562549331558
-994.976459847508
-996.1360653025633
-997.3372684166025
-996.5032043068337
-995.5401304012477
-995.9619629206705
-997.9055058844277
-997.6988698923475
-997.1643409242275
-997.6892513364043
-997.53299901366
-996.4686030980014
-997.9530149055216
-997.941849626873
-997.0092187853129
-997.0606249412683
-997.7010788424716
-999.2809548643241
-997.6488480930755
-998.8066975331029
-995.5191151299939
-998.553393111657
-997.7231789653988
-999.5193224857095
-998.4123866282843
-997.1822936298723
-999.3333529328605
-1000.3024242218937
-998.9309637053777
-999.3055709373954
-1001.3101422694479
-1002.6399914881339
-1003.531868559033
-1000.8573502480473
-1002.0403716649362
-1001.2374006675175
-999.6045105161086
-999.3610517895241
-1000.0840648182459
-996.5751767137893
-998.85934566391
-999.4664246137382
-998.4271098347265
-998.3978234901343
-995.7883754568726
-998.5359508606439
-999.387401590004
-999.3925956127392
-998.7823043977044
-999.7586816241472
-999.1423196689271
-1000.6677234947573
-1002.8826260670057
-1001.9661774170517
-999.7148813217518
-1000.3074172359426
-1001.3866030855631
-1001.0780485937036
-999.2531746311166
-999.2989410292586
-1000.4565228420271
-1000.3840069389666
-1000.1120182506136
-1000.3492978188593
-998.7476195291534
-999.216502322749
-1003.5153293680239
-1000.9940473072745
-1000.9199172499757
-1001.8204083825441
-1002.712023539427
-1003.5327710406847
-1002.9875977570132
-1001.6971413756288
-1000.2842183899419
-999.9920126644638
-1001.2818391498735
-1002.8951081350581
-1002.4240203181249
-1002.0972546534136
-1000.498130065484
-1002.0332823666353
-1005.9857703999818
-1004.4076056627114
-1002.2080022881391
-1001.8413767245503
-1003.5193686642424
-1003.0849417431521
-1000.5107186369688
-998.8587599447441
-1000.3627553192728
-998.9035823990921
-1001.6687733272332
-999.5267276054278
-997.5228996814561
-998.5620882454715
-1000.226162174858
-1000.6379983640005
-999.3507642104018
-1000.7080041142802
-999.6785781683706
-1001.6255456906806
-1002.811028060715
-1000.7631257008222
-999.6103516125963
-999.7832140268678
-999.4682241790566
-1000.8950071639811
-1000.1544081698347
-998.3943227657616
-999.1514870314882
-1001.6173139077937
-1002.9700743707504
-999.0395042593713
-999.3122024196679
-999.3880802659488
-1000.3746903411225
-1000.7394317671889
-1001.2894913236889
-998.4850571525367
-999.1427516101013
-998.9250002077715
-1001.0926137349442
-998.6822185592748
-998.0961053959521
-998.416798957015
-998.9788630025918
-1001.0283187950914
-1002.0289128621539
-1000.6933607488197
-1000.1427279155924
-1000.3656793673263
-1003.0783791334982
-1000.4037713549142
-998.5462638673499
-1000.5362235628546
-1000.1221983475571
-1001.4012890963845
-997.9254676742586
-993.7002375249098
-995.6768955400177
-998.2709265011587
-994.8255363375816
-995.1032233448835
-993.873788289262
-997.1257820970309
-996.4618022722775
-995.3341336519122
-995.3468182218998
-997.5287886727134
-996.1454312454109
-998.789884778935
-997.026416691752
-998.4024985973798
-995.6128990357373
-996.2191436361484
-996.1505090906035
-996.1289850799008
-997.1764018154425
-994.0815783360482
-995.6912695957146
-994.9155274400508
-996.1975569233261
-996.5809453857499
-994.7454693796868
-995.6612392085407
-997.1400546116892
-996.9902230345842
-995.2018923940101
-993.7760044207001
-994.5014067608574
-995.4098997198791
-995.460473499211
-994.0252299114428
-992.1033269672857
-994.0066175212618
-994.9297354687537
-994.4339441327227
-996.199197815343
-994.8327155930868
-993.7616912849111
-994.8100973510368
-997.3069951051411
-995.561934329623
-994.1831721190651
-994.1165200137796
-993.200067438985
-993.9408319038266
-993.1097866072554
-991.2211961978873
-990.346231781483
-990.5851890614802
-989.8606891208965
-987.0610812907142
-987.7562350043272
-989.2502705403358
-988.7817127051951
-989.9843107093952
-989.3596277547404
-987.0821528016558
-988.8187894439948
-990.2197451420518
-989.6127693866067
-989.7205043339889
-987.4005612655435
-988.3191087916705
-990.307047061209
-987.2178592453339
-987.7748346872188
-985.3965189937976
-987.7192539663914
-987.9664176668907
-988.7731303689919
-986.8291185381751
-986.3712486501147
-985.8693894924241
-988.8431748857781
-988.230588183013
-987.2423412504314
-985.2537801005445
-987.639564234623
-986.6195809448704
-987.0301309851266
-986.5676571352277
-984.4616821823621
-981.9635570409756
-987.0237872540737
-985.3809723161697
-983.8146332432364
-984.2556897960168
-984.9816897993172
-985.5527600193499
-986.489771316944
-986.9449106968564
-985.4796931477189
-983.0651902691543
-984.1839645365995
-984.6322615154628
-984.6427425366493
-981.6954450046372
-979.2135803507521
-980.5127498771567
-980.1209375108311
-979.8281869714725
-978.3114094950535
-975.5646423148164
-980.6891494373867
-981.0409220567494
-979.0464763463701
-979.7066407925008
-978.9882526647099
-979.2729850524322
-979.3920952394396
-978.6891841644823
-976.9170985078302
-976.6279793281344
-977.5895228149571
-977.6336089584236
-978.2884861175818
-975.1854607894622
-976.2526948203813
-976.3462113604568
-976.8171638131168
-976.5359997922839
-973.3820494455996
-975.6198504327684
-976.2771953658875
-976.4320271262445
-977.5398423835131
-975.6088071866862
-973.7834944723057
-973.2885921405164
-974.370798688528
-970.7646789919218
-971.0394174608816
-971.0275592313959
-972.0987115005655
-973.2156671602421
-971.7166252593745
-972.4119429375133
-974.2056354667906
-973.3449867156289
-974.6268878085447
-973.6389442003807
-972.1451488928113
-970.9018821374423
-972.1595326489081
-969.3198790365935
-968.2437117997349
-966.2883675377772
-965.9877050884252
-965.8599757482425
-966.4024844313058
-964.0352251828865
-962.889050369037
-963.6743168453835
-964.4411831737159
-966.3762591502043
-963.1987638908715
-963.2085692046068
-964.1657314944952
-963.1251459148444
-964.07898681622
-965.152470670565
-962.3198460305615
-961.5886190536538
-963.0273646899626
-962.2678964018231
-961.1280565129609
-960.9867358161946
-959.3986694179323
-962.4477342616975
-961.119566403884
-960.3845462080997
-960.6623570547217
-960.5966853745812
-960.3527847445523
-960.1087291012747
-959.8810558762809
-956.7082794562581
-958.6459166846312
-958.2749851193803
-958.1371644548141
-958.1769271892545
-955.5098115549783
-957.2807982538121
-955.7223680622144
-955.4680333018216
-955.8652698408874
-955.9344938726872
-956.3795535581612
-956.4608063420022
-957.1817633271246
-956.8493400704842
-953.8092408560772
-952.6914240074971
-953.6099260749755
-955.3961414760741
-953.9004050456654
-949.6255926829074
-949.6538161899869
-949.5344100365352
-950.4569724909527
-947.4985481036621
-946.8075480408166
-946.7609450483003
-946.4760632196459
-948.49890495202
-945.5267574329894
-945.5055796759096
-946.1641689943618
-948.0906142121534
-948.0568929588928
-946.2863719708158
-944.5582743522797
-943.153249330545
-944.045104769539
-946.1889843665755
-942.5437697781549
-943.5340917514349
-940.4310004121927
-941.7880226801906
-942.1249010672249
-942.1565709601521
-940.394110153991
-940.714361521218
-940.6391806102841
-942.7237530596659
-940.860414935809
-939.1377848434435
-938.5899274643265
-939.9741017408719
-938.7401254114424
-936.0873951304192
-934.5176901818963
-936.5093333436952
-935.7143953170463
-937.0574648907058
-937.0406231307414
-934.4574513746173
-934.361359670324
-936.2578705681375
-939.6727378102328
-935.5610431342143
-932.2592286969125
-932.92394820786
-934.1435576185002
-933.8087323596945
-931.6336886346584
-930.1843787030532
-927.4299699670976
-926.2067503436627
-925.4555821979435
-926.3973389366424
-926.1793773389761
-923.0599224280093
-924.0916230283092
-925.645571370572
-924.3963011905968
-923.2926413461834
-924.6713556083301
-926.4769440386965
-925.3667750408007
-923.449165824386
-922.6454169626995
-921.7003143705108
-920.8084838330557
-921.7575678707186
-919.2067191732785
-918.2440797544942
-918.4302464379259
-918.9889025555708
-918.8233876001366
-916.4296878997673
-918.1336404216737
-918.0003484546944
-918.180579030088
-916.9622810278112
-917.8758676548438
-913.7063206404086
-913.863640186828
-916.2570823334795
-914.2318159265731
-915.043578600954
-912.8838188827941
-912.3111106443562
-912.5667665494345
-911.9772039034592
-912.3176747610968
-911.1452686016947
-911.5115282016607
-910.9357876759905
-910.5818717674969
-908.2681974795298
-906.8906176097603
-908.9240902806289
-907.4584517507943
-909.6890626115943
-904.2636094163253
-902.4428829085443
-903.9423923665572
-902.4282184089229
-902.1231125767085
-900.4483484076027
-898.9730691631638
-897.7469830970433
-898.9065903187076
-900.4134309071767
-898.2500602205563
-897.4962395550143
-897.7329923619286
-897.5761891562126
-899.8929337555153
-896.2936053561231
-896.8076272962335
-896.6048138753613
-896.2472224129397
-894.5634675292957
-892.5407987989929
-893.3045899111577
-892.5230069102952
-893.4856600529855
-892.9129672286912
-891.415351226308
-890.8288123582876
-889.6527385970693
-890.4052249154178
-889.2872240290864
-888.734189320699
-885.7872055136208
-886.9198787283764
-887.9505126478622
-884.0902173863897
-884.9759328192317
-881.6105751548919
-883.2359876925342
-882.8318854861752
-884.0049891868437
-883.1817230600708
-882.1865752558565
-882.2397900883592
-882.8462888293078
-882.3393966116845
-883.1782213804445
-879.5914656280171
-879.539028033567
-879.2141370700896
-878.6897503547513
-875.7999376234293
-872.1214144687475
-873.2873865707545
-871.0639211640776
-871.8469674754502
-871.2889379482347
-868.3011155320418
-866.9840466703791
-868.5519815786315
-869.7058048610108
-868.9917576508823
-869.6723587382508
-867.6830521197818
-867.6950662959301
-865.6061549537228
-866.9840984000131
-865.997479845321
-864.1634264084258
-864.4845687549381
-864.2275364169262
-861.1148340210152
-860.0796206147039
-860.9011114022491
-860.4777046436366
-860.1686467995395
-859.5980397533591
-857.3620061731312
-859.5981734451539
-857.0345749254711
-858.0739595025308
-856.9011252648262
-856.4434704624026
-854.4512647988003
-854.5454884892044
-854.4876628513027
-851.613821655242
-851.1470849220542
-851.0582715447846
-851.755230815146
-852.5870200355974
-850.6394170297676
-851.8793000834604
-850.4615393069406
-851.0308377945047
-851.0823904558123
-849.6787967620164
-846.7980271726334
-846.0201384770754
-846.3418369958315
-845.2963382786861
-841.0337298995755
-840.0517860032064
-839.4996522642484
-838.7072461850771
-837.9337205407155
-837.7412191861763
-835.4618854123205
-835.4258459634356
-836.4275090674396
-837.14500162717
-834.3707532012407
-835.7263520701383
-831.7389261553018
-836.0614139561159
-835.3570760086674
-833.4051989551683
-831.4578268119778
-829.4376381869555
-829.5640895073474
-830.9943169660908
-829.8232955420684
-826.6629832731661
-829.265945788765
-827.365190930701
-825.8301601277394
-823.8857861393044
-824.3329615661835
-822.2291684755393
-824.5501666021113
-822.0327614684118
-821.4612060660849
-820.9251932785655
-820.2523577241168
-821.4187357132666
-820.0724795492587
-818.5484327827958
-814.0787760215532
-816.5373590321178
-816.0922842842523
-816.4915761063118
-815.0153167408462
-814.8603066795941
-814.7075594654632
-813.3292715455125
-814.0180770060526
-812.8169631492862
-811.3121238824461
-809.6896901541797
-810.2864690260717
-810.4656138685007
-809.5150486661901
-804.9225685255263
-803.2259380079926
-802.8262406751206
-801.4780450046709
-800.4189684875649
-798.7405810260772
-799.1531651104171
-800.7045120210274
-798.8545693640004
-799.6785031843037
-797.5035353658384
-797.5881609084244
-799.3581367835884
-795.5389474429943
-795.5077021404912
-793.806724677073
-794.6449815721056
-793.6579761884578
-794.1605588567911
-790.8898239682217
-789.4757217053574
-789.8015918228085
-790.8920396727518
-789.5329964217608
-786.9674623342482
-787.5545553210006
-784.8118444459461
-787.4271728528563
-786.2173335217813
-784.6346688891848
-785.2568517347211
-783.7404373614423
-784.8833503946288
-780.2976341920796
-781.0002442953777
-777.7836670024647
-776.8161253634704
-778.4434304846877
-779.0361717333762
-779.3363720080662
-777.5379311443617
-776.5275504403245
-776.1202537751878
-773.6411351299167
-775.257112891273
-773.2166850652428
-771.3031071019502
-770.6093695015788
-771.7927316723503
-768.4755958926442
-767.5351253500053
-765.0869148936122
-762.3568952923391
-764.7522220878041
-761.7974323853456
-758.6549904618385
-761.1662342761248
-759.326657668366
-759.4843672572581
-759.7862698057716
-758.5754330677563
-759.9203251724634
-758.8330004082511
-760.2575198491405
-756.3585486208141
-754.3277986021811
-754.1016346818128
-755.7373806660535
-754.331433541519
-750.5639724513328
-749.1266011037549
-750.3875817677542
-749.9089413719508
-749.5346081775849
-749.8456689346149
-745.2435605179517
-745.7763718657079
-747.154409802564
-746.3976906402722
-746.3937995956537
-742.3179806581084
-743.6645447770687
-741.4401612720974
-741.8767865540797
-740.5387767867325
-738.6599177526979
-737.4359808700336
-739.5475558247725
-738.4298785595452
-735.4665464266925
-736.545920968311
-737.7233538536929
-736.9740401200735
-736.4263389962452
-734.2807706017657
-731.5885631425909
-731.503315452144
-730.2353310681904
-729.7144228306337
-727.0858016753081
-724.9602550431498
-723.7864958117075
-724.3617400983762
-723.2094143400108
-719.9742709440878
-720.1058799162224
-719.9095591450031
-720.0339432411469
-719.501270896715
-719.0605638162881
-717.5431757057152
-716.8671587224543
-716.5005597516122
-717.1775661326085
-715.5111671813395
-712.4450548364816
-712.6232256033617
-712.7324835284834
-711.9989430161339
-708.6934586687801
-707.102556796783
-706.9108991718712
-707.0457806044129
-707.7716142779792
-706.0508927800483
-705.7613022358956
-704.4129335134551
-703.8211137851941
-703.6991409136372
-703.292646107735
-701.1796719356929
-699.5908397225609
-700.1889049144935
-701.1042597580698
-698.4994562576019
-694.570913861578
-693.884674080143
-695.9271431041502
-696.6141666559032
-694.1441474490981
-693.7836794957153
-691.5134250458218
-693.2344701542133
-693.2063474712321
-691.0318944224567
-689.855308490012
-688.584994278468
-687.4451048514077
-686.8149656028662
-683.9944799696289
-681.986563343056
-679.7422675939487
-680.72057936306
-679.8897862182802
-679.3974534103708
-676.1878822886711
-675.310080045698
-675.5677576300566
-674.5395155361865
-674.9698396941831
-672.3949906774416
-672.6865981659599
-671.8213433407182
-673.4979247080649
-671.5651952276448
-668.168568642293
-665.5916112427842
-668.6234516176099
-666.9075110898141
-667.584821675092
-664.241017223937
-664.3406884198599
-663.1009249560178
-664.5831404591153
-664.0745371547538
-658.075674592153
-660.1265543330599
-659.8410269416595
-660.9668188422321
-656.5987233191023
-655.8873677394544
-655.127154664665
-653.3637104375795
-654.801153208841
-652.771446307301
-649.7771887034321
-648.4733666826942
-650.5118701847613
-649.618287589035
-649.5147900663447
-648.2130444842944
-645.9214854127586
-648.7373806533839
-648.8281959048289
-642.9558890478637
-643.5878512430329
-643.6843339390147
-643.4269831740127
-639.3671660963105
-639.1084033138266
-635.5312372333516
-634.4308503805228
-634.6421517973497
-633.3425362415934
-630.8536075209585
-629.3606560190326
-628.4725529687213
-628.3284247404118
-628.8767816052191
-625.7327344937563
-625.9831594261046
-625.1411385821377
-626.2162489197996
-623.9613305846244
-625.0979702106769
-622.8518187878668
-623.6939427404976
-620.1909253622869
-621.4014656954638
-617.3073504508429
-615.7692953265774
-615.6305298768166
-615.9132205379985
-615.3768469594695
-613.7995379648166
-613.3900760065361
-611.9970488025599
-611.2205203191625
-610.9412369976689
-609.8414778853944
-608.2687482348738
-606.3412862521915
-605.9428246811468
-605.7644655051178
-604.5087523446434
-603.2155535677738
-600.8737284108504
-602.0313381471807
-600.54018305675
-599.7474029010698
-598.9207333290859
-595.6103731580665
-597.8631234349938
-595.3940420619075
-596.7106593268974
-593.8362143382192
-594.5401448970235
-593.2624130169271
-589.6507059473621
-587.6439039450694
-585.8596616229714
-582.647934876432
-583.7219179761443
-584.3310354221543
-582.3638387229366
-579.1892078260746
-580.5588171353181
-580.2604059870954
-577.716189474674
-578.0296542796029
-576.5673951107557
-576.942182390037
-575.2472971305559
-574.1951280002643
-572.5819816144663
-570.3750538061136
-570.9396864087906
-568.2776950750965
-570.4305951865313
-565.6256300550441
-564.835733343761
-564.1336829451259
-565.8925164585502
-564.2823032081315
-562.9595794835657
-560.9630062387415
-561.3278589074804
-561.1607898696507
-560.1737023317521
-557.0523573993454
-556.362738629828
-555.2225715947352
-558.1871813246702
-554.4757176568179
-552.5770108557939
-549.9203186916671
-548.4142674558649
-550.114294326159
-550.8808059821987
-548.4321388493668
-546.6108306930809
-545.0509159838211
-545.1237165958339
-545.9868520467375
-543.9591442822023
-542.5024893652155
-541.0519254822608
-541.8971983474879
-541.2855852159496
-537.5515919544682
-533.251704716997
-533.1757028000463
-533.3758032035091
-531.4143293695845
-529.0558626162539
-525.9853743591859
-525.0904253561606
-525.2690520840345
-525.8542724235648
-523.8301589686969
-522.7869004001163
-522.0129414480004
-522.1208898977986
-523.3079808754412
-520.7212297352589
-519.9115381799506
-517.7460000096474
-516.5319480571328
-516.7153484790955
-514.8074265394637
-512.6706640807322
-510.1598481386015
-513.1772075173706
-509.30194308762634
-508.21319103579185
-508.49874782362474
-507.89918858392895
-509.02779079462795
-504.9310381719264
-504.049346499932
-502.49145781960976
-500.67016995430976
-501.39981332034813
-499.78792445103966
-497.15417421635374
-495.7029667137376
-495.77335088314896
-494.7125428965801
-495.3829772689108
-494.25371616227136
-493.5630410087369
-493.4313156772525
-492.07070023285655
-492.7145530057865
-490.65572242279416
-486.1193533295892
-486.73866057087633
-486.80191453442797
-483.63218240001765
-484.5485277478816
-479.5938127295496
-477.7128945267251
-476.43301291036414
-477.2532198039816
-473.76806674197877
-472.25804499136916
-471.95560251365686
-471.9507809060217
-473.8027711776126
-471.33647689266945
-468.66318104440586
-467.44843432416945
-469.9816049118507
-468.82105328794
-465.5376834278915
-462.26741929845804
-461.7490038783594
-462.75872096770655
-460.4712662084221
-458.57235581590623
-456.60065952489117
-456.44366125971703
-456.0895399761875
-455.6356453757139
-453.57694787721596
-454.18504906299165
-452.77746342300065
-452.54777902757485
-451.4819259246906
-448.7265185000642
-446.9531530776279
-448.18231718940643
-446.9298386229177
-445.7060225560956
-441.5724692739102
-439.75690167239264
-437.62574815274735
-441.4418018904506
-437.92545147571815
-437.6461117658223
-436.3187404351034
-434.6778441164053
-437.30812095568825
-434.85248132130977
-434.4670800917418
-431.42813726146045
-431.1196981050503
-428.6695271507821
-428.0717759277473
-426.05716847894803
-420.85781199494625
-421.18473008912036
-421.23661051157706
-420.1883543071691
-415.68917952821516
-415.87533075539835
-414.3319098148303
-414.2617685962765
-414.29933171290463
-413.4514881401877
-411.8617679768171
-410.1190299560869
-411.83820932059695
-412.31617458785223
-407.9027826740286
-407.0715444495446
-403.7834560558749
-404.6644530738388
-404.12048264173626
-400.75917515366297
-400.5317796884956
-399.416954801548
-399.70657390572535
-399.3913332649729
-397.5213073535384
-397.1213763740645
-394.312570592332
-395.0665735204396
-395.88129062840613
-391.1983270177849
-389.4873789243943
-388.4739124287553
-388.74836704455726
-388.49940400382224
-384.83944554668625
-384.0395870220313
-381.64385891635897
-383.29242632306904
-383.4129735627029
-381.489929867162
-380.58937105307496
-378.8893237018833
-377.61519321677963
-378.16569339142353
-377.2775852566876
-374.3569967848037
-373.1469509908267
-371.0576329294705
-370.8377808680248
-367.577580642711
-367.1060421921475
-364.2085676893067
-361.5545483260085
-362.913237152108
-361.9149873574472
-356.9425268684518
-356.3882051475658
-359.89449053364876
-356.68813278276093
-356.7121508911299
-353.0923482718194
-355.1285235848389
-352.8878448132512
-353.3303634591465
-350.70453328849476
-347.58688166834645
-347.65186308339497
-348.74889047368094
-347.77846717962194
-344.15930253930964
-341.5085735246096
-342.61514892286743
-341.8704409285616
-340.3124121067369
-338.0925426316391
-335.7243291793387
-335.6177276534549
-336.86475867094197
-335.4656236099597
-332.14412725144786
-330.89200052313157
-331.5437216899148
-330.0582430359747
-328.83822436128287
-326.0996948780017
-324.9367321990239
-324.37131510747486
-323.82128644951655
-324.689240583533
-322.7958020094601
-320.72867612075567
-319.8122678873771
-320.1383007735519
-319.4718677964337
-316.5983992596603
-315.9548272199882
-315.6951569667698
-315.2415443042542
-310.0120725566112
-310.08259309974954
-306.57456970285955
-305.1047488409809
-304.8288567906829
-303.62111557606073
-299.59936234367245
-297.43531824223993
-297.98221480756047
-299.2946545002363
-296.7407445019423
-295.92114120472206
-294.07789379341466
-295.44002713502675
-294.41892509132595
-294.84077803285186
-293.5400291610957
-289.29473637149704
-289.3307574121011
-288.2851843508666
-286.5954626256695
-286.2112244119981
-285.11045202
-280.54157229763456
-282.1623445052249
-282.3302147185012
-278.97505694695707
-278.8051765990246
-278.2792702594417
-279.10034375209887
-277.36412391561106
-275.2310674574744
-271.7984899682219
-271.72215618171214
-270.593891299628
-268.8275191898601
-267.4903774379336
-266.2520184655696
-263.6638701824955
-265.74824047036236
-264.0279152215668
-260.8165169681151
-262.204327446563
-262.2524745003144
-261.1935361456458
-260.65120141766005
-257.5858563196458
-255.41856124842639
-253.65039891485745
-254.57499467105495
-253.01487662117728
-249.75422125041146
-246.47840069792173
-244.3848472033699
-244.35485886763965
-243.06947350875927
-241.7313474815414
-239.45392374097628
-240.49533449465451
-238.56449577110521
-239.2177817684651
-235.61779795924502
-234.15904785356616
-234.79671064937494
-233.5581858108608
-234.3092524411328
-232.29711808222262
-229.40916641283684
-227.55678479733146
-229.66995546989247
-229.45096861078187
-224.2847116475858
-223.75898808618658
-220.73163628422495
-223.99527542978123
-221.3678566705799
-220.02747848347423
-218.95580157519976
-218.51243032201563
-216.2006401763934
-217.17724945111198
-212.62606944475502
-211.60487248607936
-210.49600478409448
-209.01119005971225
-210.0722968727688
-207.41030373733258
-204.44300721850107
-204.4999372777628
-204.52792946887413
-203.59101518383045
-202.19403358865216
-200.81263758441557
-200.56530418802072
-198.59397586550844
-199.9893269450997
-195.87636566613338
-193.4429907317659
-194.6013036857269
-192.11681797824957
-193.37584849465554
-189.29061249548258
-186.0929487584514
-184.34318769194476
-183.77310995932328
-182.4683431186956
-182.40041349953955
-179.7834940882573
-177.1176827061444
-177.18437727593502
-176.75750130350139
-176.4999413655675
-174.06654303763165
-174.00782318822866
-173.15796244909222
-172.76451267550658
-169.88282044096405
-167.8447894622373
-168.71463769163992
-167.1794539926187
-165.54987957285496
-162.22551131103643
-159.49530402405662
-160.06489815197068
-162.08564519958722
-159.50958800799285
-157.34788441532157
-158.07281541290004
-156.73363942118
-155.79682590818368
-154.71344741728248
-152.85026884542302
-150.8178388794337
-149.72416885804643
-148.84185159010022
-149.50163654064508
-146.45927238828693
-142.7334498339688
-143.18481313764158
-143.45973599116462
-142.39148624271147
-139.67133354030972
-139.89223014061866
-139.4066784165399
-139.0971791767215
-137.84070513221897
-133.23300333366194
-133.50820580169022
-132.61549981055094
-132.57087376137486
-129.78296493067396
-125.01572354241516
-123.95469203547019
-123.13842830155275
-121.02969887291914
-121.70914129165685
-118.28218668034893
-114.70806255990121
-116.17271219737928
-116.07571580573486
-115.16760171031618
-115.33518038126921
-112.55684223834572
-111.71812903391074
-110.96351068254035
-110.36094094168986
-107.53313945339018
-107.46063931113635
-103.52733179880744
-105.0972108851379
-103.7703876564179
-101.19070420349014
-98.61996619398572
-97.33245503541046
-100.84321351265606
-95.67412955692838
-94.35015125220667
-92.67195465661962
-94.81301380617272
-93.02548316146863
-92.54377760079127
-90.17530838779541
-85.47483818596898
-86.20496650096268
-85.59982992579783
-83.40340084886688
-82.46161852439668
-78.47094080268498
-80.36287070937769
-80.11211931061864
-79.20323559922848
-78.5885306478184
-75.88882054130406
-75.25382640148639
-75.38913688789839
-76.26835513522023
-71.82431061703045
-71.18272634931478
-67.64631150272142
-67.38768631612169
-65.2993413971058
-64.92453101315539
-60.37703724203503
-58.115980881428754
-58.72918715389848
-57.25107249702842
-54.81527475655469
-53.27488381544131
-50.380584148393
-53.14193019398833
-53.463816735844645
-50.15937837579649
-49.17461167316696
-47.1807931136143
-48.70647735768787
-47.23485623618708
-44.91977081985301
-41.770927417833555
-42.90870283112942
-40.069498620755255
-39.87083662226676
-37.93100015096922
-36.99463631467906
-32.690531161511245
-33.65766702786912
-34.697883972928054
-32.67617124021751
-28.742627609277164
-28.97392435055415
-28.880596886005343
-31.29658581324563
-27.998009679865117
-24.962328175647826
-22.908829143059958
-21.70672087703661
-21.463838672224938
-17.303269898044725
-17.665181265164364
-16.430676883066578
-18.225173233639417
-14.613941111073355
-13.194979182136008
-11.956334862126896
-11.225158343059073
-11.532716951687695
-12.025143895154196
-9.377113587648601
-6.590591397128967
-6.377666314179338
-6.011636883075021
-3.7714887595811346
